 -0.1421751E-03,  0.1688376E-04,  0.5264209E-02
 -0.5309572E-05,  0.1524261E-03,  0.5132421E-02
 -0.1002128E-03, -0.5336873E-04,  0.5115809E-02
 -0.2953470E-03,  0.1251869E-03,  0.5042472E-02
 -0.1416756E-03,  0.1065292E-03,  0.5214585E-02
 -0.1135479E-03,  0.1770019E-04,  0.5329496E-02
  0.2342372E-04,  0.1537874E-03,  0.5199177E-02
 -0.7238162E-04, -0.5341721E-04,  0.5183540E-02
 -0.2693002E-03,  0.1227831E-03,  0.5110299E-02
 -0.1174218E-03,  0.1022477E-03,  0.5281226E-02
 -0.9400727E-04,  0.1901773E-04,  0.5372466E-02
  0.4303957E-04,  0.1556438E-03,  0.5243478E-02
 -0.5353035E-04, -0.5301801E-04,  0.5228750E-02
 -0.2521617E-03,  0.1208190E-03,  0.5155731E-02
 -0.1022315E-03,  0.9850647E-04,  0.5325572E-02
 -0.7893890E-04,  0.2053594E-04,  0.5404576E-02
  0.5815919E-04,  0.1576923E-03,  0.5276782E-02
 -0.3904880E-04, -0.5245632E-04,  0.5262902E-02
 -0.2393082E-03,  0.1190030E-03,  0.5190224E-02
 -0.9148130E-04,  0.9502078E-04,  0.5359090E-02
 -0.6656102E-04,  0.2212968E-04,  0.5430263E-02
  0.7057133E-04,  0.1598043E-03,  0.5303523E-02
 -0.2715964E-04, -0.5183962E-04,  0.5290434E-02
 -0.2289467E-03,  0.1172189E-03,  0.5218214E-02
 -0.8338000E-04,  0.9168128E-04,  0.5386223E-02
 -0.5599930E-04,  0.2372909E-04,  0.5451714E-02
  0.8115734E-04,  0.1619059E-03,  0.5325887E-02
 -0.1699326E-04, -0.5121779E-04,  0.5313535E-02
 -0.2201895E-03,  0.1154062E-03,  0.5241888E-02
 -0.7704384E-04,  0.8843387E-04,  0.5409170E-02
 -0.4676247E-04,  0.2528710E-04,  0.5470170E-02
  0.9041572E-04,  0.1639451E-03,  0.5345111E-02
 -0.8063282E-05, -0.5061580E-04,  0.5333446E-02
 -0.2125291E-03,  0.1135271E-03,  0.5262488E-02
 -0.7197180E-04,  0.8524718E-04,  0.5429179E-02
 -0.3854984E-04,  0.2676762E-04,  0.5486400E-02
  0.9865468E-04,  0.1658804E-03,  0.5361963E-02
 -0.7394638E-07, -0.5004581E-04,  0.5350942E-02
 -0.2056455E-03,  0.1115538E-03,  0.5280783E-02
 -0.6785294E-04,  0.8210056E-04,  0.5447032E-02
 -0.3116697E-04,  0.2814069E-04,  0.5500913E-02
  0.1060768E-03,  0.1676755E-03,  0.5376949E-02
  0.7164613E-05, -0.4951243E-04,  0.5366533E-02
 -0.1993212E-03,  0.1094637E-03,  0.5297289E-02
 -0.6448172E-04,  0.7897899E-04,  0.5463249E-02
 -0.2448387E-04,  0.2938036E-04,  0.5514064E-02
  0.1128212E-03,  0.1692974E-03,  0.5390417E-02
  0.1377850E-04, -0.4901543E-04,  0.5380578E-02
 -0.1933982E-03,  0.1072362E-03,  0.5312360E-02
 -0.6171586E-04,  0.7587055E-04,  0.5478195E-02
 -0.1841251E-04,  0.3046400E-04,  0.5526105E-02
  0.1189865E-03,  0.1707156E-03,  0.5402617E-02
  0.1985309E-04, -0.4855123E-04,  0.5393338E-02
 -0.1877551E-03,  0.1048509E-03,  0.5326257E-02
 -0.5945342E-04,  0.7276516E-04,  0.5492136E-02
 -0.1289398E-04,  0.3137244E-04,  0.5537219E-02
  0.1246442E-03,  0.1719015E-03,  0.5413729E-02
  0.2544665E-04, -0.4811385E-04,  0.5405007E-02
 -0.1822927E-03,  0.1022868E-03,  0.5339173E-02
 -0.5761933E-04,  0.6965399E-04,  0.5505273E-02
 -0.7890692E-05,  0.3209083E-04,  0.5547544E-02
  0.1298473E-03,  0.1728292E-03,  0.5423888E-02
  0.3059906E-04, -0.4769546E-04,  0.5415738E-02
 -0.1769247E-03,  0.9952145E-04,  0.5351253E-02
 -0.5615701E-04,  0.6652906E-04,  0.5517757E-02
 -0.3381539E-05,  0.3261004E-04,  0.5557178E-02
  0.1346358E-03,  0.1734755E-03,  0.5433196E-02
  0.3533780E-04, -0.4728685E-04,  0.5425652E-02
 -0.1715713E-03,  0.9653043E-04,  0.5362613E-02
 -0.5502286E-04,  0.6338328E-04,  0.5529707E-02
  0.6412474E-06,  0.3292867E-04,  0.5566194E-02
  0.1390412E-03,  0.1738203E-03,  0.5441729E-02
  0.3968268E-04, -0.4687784E-04,  0.5434848E-02
 -0.1661539E-03,  0.9328685E-04,  0.5373342E-02
 -0.5418237E-04,  0.6021038E-04,  0.5541217E-02
  0.4174293E-05,  0.3305561E-04,  0.5574644E-02
  0.1430889E-03,  0.1738470E-03,  0.5449546E-02
  0.4364988E-04, -0.4645756E-04,  0.5443411E-02
 -0.1605903E-03,  0.8976107E-04,  0.5383509E-02
 -0.5360730E-04,  0.5700515E-04,  0.5552359E-02
  0.7204740E-05,  0.3301318E-04,  0.5582565E-02
  0.1468014E-03,  0.1735425E-03,  0.5456694E-02
  0.4725590E-04, -0.4601499E-04,  0.5451414E-02
 -0.1547908E-03,  0.8592044E-04,  0.5393171E-02
 -0.5327343E-04,  0.5376366E-04,  0.5563191E-02
  0.9711662E-05,  0.3284052E-04,  0.5589981E-02
  0.1501996E-03,  0.1728961E-03,  0.5463215E-02
  0.5052192E-04, -0.4553958E-04,  0.5458921E-02
 -0.1486535E-03,  0.8172920E-04,  0.5402370E-02
 -0.5315867E-04,  0.5048346E-04,  0.5573754E-02
  0.1166740E-04,  0.3259699E-04,  0.5596915E-02
  0.1533050E-03,  0.1718992E-03,  0.5469143E-02
  0.5347883E-04, -0.4502251E-04,  0.5465988E-02
 -0.1420588E-03,  0.7714856E-04,  0.5411141E-02
 -0.5324142E-04,  0.4716397E-04,  0.5584082E-02
  0.1303886E-04,  0.3236509E-04,  0.5603391E-02
  0.1561403E-03,  0.1705425E-03,  0.5474517E-02
  0.5617313E-04, -0.4445905E-04,  0.5472662E-02
 -0.1348649E-03,  0.7213715E-04,  0.5419512E-02
 -0.5349894E-04,  0.4380674E-04,  0.5594195E-02
  0.1378877E-04,  0.3225207E-04,  0.5609449E-02
  0.1587307E-03,  0.1688140E-03,  0.5479375E-02
  0.5867349E-04, -0.4385304E-04,  0.5478976E-02
 -0.1269006E-03,  0.6665196E-04,  0.5427502E-02
 -0.5390585E-04,  0.4041584E-04,  0.5604104E-02
  0.1387668E-04,  0.3238936E-04,  0.5615148E-02
  0.1611039E-03,  0.1666953E-03,  0.5483761E-02
  0.6107620E-04, -0.4322551E-04,  0.5484937E-02
 -0.1179605E-03,  0.6065033E-04,  0.5435130E-02
 -0.5443256E-04,  0.3699814E-04,  0.5613813E-02
  0.1325956E-04,  0.3292890E-04,  0.5620591E-02
  0.1632900E-03,  0.1641577E-03,  0.5487728E-02
  0.6350421E-04, -0.4262982E-04,  0.5490510E-02
 -0.1077993E-03,  0.5409375E-04,  0.5442409E-02
 -0.5504360E-04,  0.3356367E-04,  0.5623318E-02
  0.1189213E-04,  0.3403463E-04,  0.5625932E-02
  0.1653205E-03,  0.1611577E-03,  0.5491335E-02
  0.6608651E-04, -0.4217411E-04,  0.5495594E-02
 -0.9613262E-04,  0.4695498E-04,  0.5449356E-02
 -0.5569605E-04,  0.3012598E-04,  0.5632604E-02
  0.9727177E-05,  0.3586711E-04,  0.5631404E-02
  0.1672272E-03,  0.1576322E-03,  0.5494650E-02
  0.6889648E-04, -0.4204161E-04,  0.5500001E-02
 -0.8264916E-04,  0.3923131E-04,  0.5455984E-02
 -0.5633777E-04,  0.2670242E-04,  0.5641652E-02
  0.6717604E-05,  0.3855641E-04,  0.5637343E-02
  0.1690399E-03,  0.1534929E-03,  0.5497753E-02
  0.7184509E-04, -0.4247400E-04,  0.5503488E-02
 -0.6705146E-04,  0.3096799E-04,  0.5462307E-02
 -0.5690584E-04,  0.2331465E-04,  0.5650433E-02
  0.2823984E-05,  0.4215390E-04,  0.5644223E-02
  0.1707840E-03,  0.1486208E-03,  0.5500733E-02
  0.7460918E-04, -0.4367396E-04,  0.5505877E-02
 -0.4915146E-04,  0.2229644E-04,  0.5468331E-02
 -0.5732504E-04,  0.1998912E-04,  0.5658910E-02
 -0.1963671E-05,  0.4654436E-04,  0.5652686E-02
  0.1724758E-03,  0.1428592E-03,  0.5503692E-02
  0.7674185E-04, -0.4566995E-04,  0.5507203E-02
 -0.2905387E-04,  0.1348637E-04,  0.5474035E-02
 -0.5750664E-04,  0.1675766E-04,  0.5667038E-02
 -0.7571998E-05,  0.5128994E-04,  0.5663549E-02
  0.1741168E-03,  0.1360070E-03,  0.5506749E-02
  0.7792712E-04, -0.4829201E-04,  0.5507720E-02
 -0.7418970E-05,  0.4991378E-05,  0.5479321E-02
 -0.5734770E-04,  0.1365826E-04,  0.5674764E-02
 -0.1373109E-04,  0.5539115E-04,  0.5677673E-02
  0.1756833E-03,  0.1278094E-03,  0.5510042E-02
 -0.2348952E-04, -0.1539318E-04,  0.5560803E-02
  0.1434800E-04, -0.2567260E-05,  0.5483915E-02
 -0.5673118E-04,  0.1073577E-04,  0.5682019E-02
 -0.1980149E-04,  0.5708318E-04,  0.5695508E-02
  0.1771094E-03,  0.1179496E-03,  0.5513731E-02
 -0.2413873E-04, -0.1854427E-04,  0.5560571E-02
 -0.1006129E-04, -0.8876229E-05,  0.5530924E-02
 -0.5552729E-04,  0.8042414E-05,  0.5688727E-02
 -0.2469989E-04,  0.5414617E-04,  0.5716214E-02
  0.1782572E-03,  0.1060419E-03,  0.5517998E-02
 -0.2538586E-04, -0.2169711E-04,  0.5560235E-02
  0.6333771E-05, -0.1283840E-04,  0.5532476E-02
 -0.5359692E-04,  0.5637584E-05,  0.5694791E-02
 -0.8083663E-05,  0.6915574E-04,  0.5610530E-02
  0.1788692E-03,  0.9163592E-04,  0.5523043E-02
 -0.2698078E-04, -0.2474947E-04,  0.5559873E-02
  0.1828517E-04, -0.1474188E-04,  0.5531816E-02
 -0.5079795E-04,  0.3586435E-05,  0.5700101E-02
 -0.7955382E-05,  0.5516055E-04,  0.5628588E-02
  0.1784968E-03,  0.7425247E-04,  0.5529043E-02
 -0.2869463E-04, -0.2762593E-04,  0.5559519E-02
  0.2584728E-04, -0.1489187E-04,  0.5529001E-02
 -0.4699571E-04,  0.1956622E-05,  0.5704531E-02
 -0.5614053E-05,  0.3846132E-04,  0.5642099E-02
  0.1764309E-03,  0.5349173E-04,  0.5536065E-02
 -0.3032799E-04, -0.3026009E-04,  0.5559190E-02
  0.2959443E-04, -0.1377511E-04,  0.5524417E-02
 -0.4207853E-04,  0.8131955E-06,  0.5707954E-02
 -0.1916494E-05,  0.2124191E-04,  0.5651223E-02
  0.1717284E-03,  0.2926035E-04,  0.5543899E-02
 -0.3171227E-04, -0.3258393E-04,  0.5558894E-02
 -0.6531465E-05, -0.8453255E-04,  0.5677143E-02
 -0.3597838E-04,  0.2128942E-06,  0.5710256E-02
  0.2423391E-05,  0.4741509E-05,  0.5656956E-02
  0.1635286E-03,  0.2069381E-05,  0.5551907E-02
 -0.3271045E-04, -0.3452182E-04,  0.5558631E-02
 -0.8464861E-05, -0.8240055E-04,  0.5670459E-02
 -0.2869476E-04,  0.2010237E-06,  0.5711373E-02
  0.6942216E-05, -0.1055599E-04,  0.5660347E-02
  0.1517008E-03, -0.2689287E-04,  0.5559125E-02
 -0.3321923E-04, -0.3598720E-04,  0.5558398E-02
 -0.1252739E-04, -0.8044067E-04,  0.5663358E-02
 -0.2031808E-04,  0.8154850E-06,  0.5711336E-02
 -0.2586664E-04,  0.1317805E-03,  0.5568813E-02
 -0.2443981E-04,  0.3053434E-04,  0.5461368E-02
 -0.3317352E-04, -0.3688077E-04,  0.5558182E-02
 -0.1844280E-04, -0.7907098E-04,  0.5656200E-02
 -0.1104820E-04,  0.2100926E-05,  0.5710301E-02
 -0.2170597E-04,  0.1189548E-03,  0.5569777E-02
 -0.3970860E-04,  0.1827004E-05,  0.5465306E-02
 -0.3255454E-04, -0.3709042E-04,  0.5557955E-02
 -0.2602901E-04, -0.7871631E-04,  0.5649346E-02
 -0.1204347E-05,  0.4130200E-05,  0.5708561E-02
 -0.1790570E-04,  0.1071641E-03,  0.5570229E-02
 -0.5424786E-04, -0.2583677E-04,  0.5467973E-02
 -0.3140269E-04, -0.3649505E-04,  0.5557674E-02
 -0.3512418E-04, -0.7982740E-04,  0.5643190E-02
 -0.1584539E-04, -0.1564306E-04,  0.5578314E-02
 -0.1452795E-04,  0.9624482E-04,  0.5570436E-02
 -0.6717227E-04, -0.5231888E-04,  0.5469945E-02
 -0.2983604E-04, -0.3497726E-04,  0.5557275E-02
 -0.4548538E-04, -0.8287301E-04,  0.5638187E-02
 -0.6252184E-05, -0.1171386E-04,  0.5576332E-02
 -0.1161164E-04,  0.8604289E-04,  0.5570573E-02
 -0.7827826E-04, -0.7753859E-04,  0.5471583E-02
  0.3024903E-04, -0.6219337E-04,  0.5584175E-02
 -0.5667125E-04, -0.8827597E-04,  0.5634824E-02
  0.2386047E-05, -0.6536356E-05,  0.5574727E-02
 -0.9180124E-05,  0.7642061E-04,  0.5570750E-02
 -0.8781699E-04, -0.1014423E-03,  0.5472912E-02
  0.3190112E-04, -0.5866442E-04,  0.5583338E-02
 -0.6797085E-04, -0.9627401E-04,  0.5633525E-02
  0.9542591E-05,  0.1189428E-06,  0.5573638E-02
 -0.7245619E-05,  0.6725762E-04,  0.5571031E-02
 -0.9624322E-04, -0.1240483E-03,  0.5473637E-02
  0.3306991E-04, -0.5428136E-04,  0.5582248E-02
 -0.7848947E-04, -0.1067553E-03,  0.5634496E-02
  0.1480722E-04,  0.8477289E-05,  0.5573029E-02
 -0.5812035E-05,  0.5845041E-04,  0.5571453E-02
 -0.1040071E-03, -0.1454414E-03,  0.5473234E-02
  0.3344455E-04, -0.4936835E-04,  0.5580993E-02
 -0.8742572E-04, -0.1192121E-03,  0.5637605E-02
  0.1793631E-04,  0.1874526E-04,  0.5572733E-02
 -0.4877137E-05,  0.4991155E-04,  0.5572027E-02
 -0.1114001E-03, -0.1656806E-03,  0.5471044E-02
  0.3290379E-04, -0.4435384E-04,  0.5579745E-02
  0.7406342E-04,  0.1029158E-03,  0.5498161E-02
  0.1886648E-04,  0.3110109E-04,  0.5572513E-02
 -0.4434524E-05,  0.4156952E-04,  0.5572749E-02
  0.1224626E-03,  0.1266536E-03,  0.5793712E-02
  0.3156126E-04, -0.3962786E-04,  0.5578698E-02
  0.6909053E-04,  0.8867994E-04,  0.5504218E-02
  0.1770132E-04,  0.4568355E-04,  0.5572123E-02
 -0.4475707E-05,  0.3336966E-04,  0.5573599E-02
  0.1160159E-03,  0.1093018E-03,  0.5786257E-02
  0.2968453E-04, -0.3543179E-04,  0.5577999E-02
  0.6574220E-04,  0.7440329E-04,  0.5511067E-02
  0.1468488E-04,  0.6257495E-04,  0.5571357E-02
 -0.4992197E-05,  0.2527705E-04,  0.5574534E-02
  0.1106242E-03,  0.9410696E-04,  0.5776055E-02
  0.2756889E-04, -0.3184762E-04,  0.5577715E-02
  0.6357546E-04,  0.6036869E-04,  0.5518416E-02
  0.3263343E-03, -0.7351972E-05,  0.5259555E-02
 -0.5976531E-05,  0.1728275E-04,  0.5575487E-02
  0.1066852E-03,  0.8148742E-04,  0.5763739E-02
  0.2545516E-04, -0.2885321E-04,  0.5577846E-02
  0.6217074E-04,  0.4670680E-04,  0.5526098E-02
  0.3207335E-03,  0.1406686E-04,  0.5257763E-02
 -0.7418205E-05,  0.9417269E-05,  0.5576342E-02
  0.1043468E-03,  0.7152042E-04,  0.5750196E-02
  0.2381124E-04, -0.2605805E-04,  0.5578248E-02
  0.6118159E-04,  0.3346648E-04,  0.5534027E-02
  0.3144822E-03,  0.3748929E-04,  0.5255534E-02
 -0.9282011E-05,  0.1778389E-05,  0.5576922E-02
  0.1035104E-03,  0.6397118E-04,  0.5736191E-02
  0.2212929E-04, -0.2404277E-04,  0.5579055E-02
  0.6034136E-04,  0.2066483E-04,  0.5542169E-02
  0.3079822E-03,  0.6259369E-04,  0.5253052E-02
 -0.1143825E-04, -0.5420345E-05,  0.5576975E-02
  0.1039671E-03,  0.5848439E-04,  0.5722183E-02
  0.2076619E-04, -0.2242610E-04,  0.5580102E-02
  0.5945513E-04,  0.8315248E-05,  0.5550511E-02
  0.3015664E-03,  0.8897117E-04,  0.5250559E-02
 -0.2299815E-04, -0.1007226E-04,  0.5563947E-02
  0.1055224E-03,  0.5474593E-04,  0.5708351E-02
  0.1974624E-04, -0.2117068E-04,  0.5581323E-02
  0.5839024E-04, -0.3560788E-05,  0.5559045E-02
  0.2954819E-03,  0.1161629E-03,  0.5248307E-02
 -0.2428901E-04, -0.1530838E-04,  0.5562615E-02
  0.1080570E-03,  0.5255241E-04,  0.5694697E-02
  0.1907622E-04, -0.2025733E-04,  0.5582660E-02
  0.5706904E-04, -0.1493329E-04,  0.5567764E-02
  0.2898933E-03,  0.1437027E-03,  0.5246512E-02
 -0.2417725E-04, -0.1943519E-04,  0.5561306E-02
  0.1115457E-03,  0.5182048E-04,  0.5681124E-02
  0.1875253E-04, -0.1968245E-04,  0.5584059E-02
  0.5546248E-04, -0.2577048E-04,  0.5576656E-02
  0.2848988E-03,  0.1711552E-03,  0.5245330E-02
 -0.2268126E-04, -0.2291767E-04,  0.5560652E-02
  0.1160636E-03,  0.5257474E-04,  0.5667485E-02
  0.1876540E-04, -0.1945504E-04,  0.5585475E-02
  0.5358263E-04, -0.3604852E-04,  0.5585704E-02
  0.6871104E-04,  0.5131892E-04,  0.5516039E-02
 -0.2018669E-04, -0.2613353E-04,  0.5560765E-02
  0.1217983E-03,  0.5493392E-04,  0.5653616E-02
  0.1910141E-04, -0.1959389E-04,  0.5586870E-02
  0.5147271E-04, -0.4576033E-04,  0.5594889E-02
  0.6502211E-04,  0.7754283E-04,  0.5516296E-02
 -0.1696773E-04, -0.2918836E-04,  0.5561427E-02
  0.1290775E-03,  0.5910076E-04,  0.5639349E-02
  0.1974492E-04, -0.2012521E-04,  0.5588211E-02
  0.4919542E-04, -0.5492042E-04,  0.5604196E-02
  0.6198992E-04,  0.1027795E-03,  0.5517281E-02
 -0.1308925E-04, -0.3202923E-04,  0.5562362E-02
  0.1384218E-03,  0.6535289E-04,  0.5624542E-02
  0.2067920E-04, -0.2108066E-04,  0.5589474E-02
  0.1308489E-03, -0.9469320E-04,  0.5579502E-02
  0.5959454E-04,  0.1268822E-03,  0.5518972E-02
 -0.8462749E-05, -0.3454045E-04,  0.5563318E-02
  0.1506322E-03,  0.7402358E-04,  0.5609124E-02
  0.2188744E-04, -0.2249585E-04,  0.5590638E-02
  0.1284454E-03, -0.1028747E-03,  0.5589024E-02
  0.5780630E-04,  0.1497714E-03,  0.5521349E-02
 -0.2884921E-05, -0.3657273E-04,  0.5564058E-02
  0.1669194E-03,  0.8544437E-04,  0.5593208E-02
  0.2335388E-04, -0.2440933E-04,  0.5591690E-02
  0.1260696E-03, -0.1106567E-03,  0.5598652E-02
  0.5659120E-04,  0.1714252E-03,  0.5524412E-02
  0.3965153E-05, -0.3793412E-04,  0.5564338E-02
  0.1890555E-03,  0.9978348E-04,  0.5577322E-02
  0.2506515E-04, -0.2686208E-04,  0.5592621E-02
  0.1237625E-03, -0.1181054E-03,  0.5608390E-02
  0.5591725E-04,  0.1918708E-03,  0.5528187E-02
  0.1257102E-04, -0.3835221E-04,  0.5563872E-02
  0.2220047E-05,  0.4638186E-04,  0.5554808E-02
  0.2701196E-04, -0.2989752E-04,  0.5593424E-02
  0.1215453E-03, -0.1252851E-03,  0.5618252E-02
  0.5576168E-04,  0.2111785E-03,  0.5532740E-02
  0.2368709E-04, -0.3738999E-04,  0.5562303E-02
  0.4319484E-04,  0.6406038E-04,  0.5544591E-02
  0.2919104E-04, -0.3356231E-04,  0.5594096E-02
  0.1194202E-03, -0.1322543E-03,  0.5628261E-02
  0.5611894E-04,  0.2294592E-03,  0.5538172E-02
  0.3858089E-04, -0.3424682E-04,  0.5559207E-02
  0.9530584E-04,  0.7875977E-04,  0.5543019E-02
  0.3160769E-04, -0.3790775E-04,  0.5594634E-02
  0.1173745E-03, -0.1390659E-03,  0.5638457E-02
  0.5700904E-04,  0.2468655E-03,  0.5544620E-02
  0.5960496E-04, -0.2722041E-04,  0.5554304E-02
  0.1544896E-03,  0.8555311E-04,  0.5553975E-02
  0.3427877E-04, -0.4299203E-04,  0.5595036E-02
  0.1153863E-03, -0.1457681E-03,  0.5648895E-02
  0.5848583E-04,  0.2635953E-03,  0.5552258E-02
  0.1288320E-03,  0.3001191E-04,  0.5582922E-02
 -0.2214074E-03,  0.3399022E-03,  0.5131917E-02
  0.3723668E-04, -0.4888341E-04,  0.5595296E-02
  0.1134315E-03, -0.1524065E-03,  0.5659650E-02
  0.6064497E-04,  0.2799015E-03,  0.5561288E-02
  0.1770966E-03,  0.6255175E-04,  0.5590856E-02
 -0.1699730E-03,  0.3274836E-03,  0.5163717E-02
  0.4053463E-04, -0.5566441E-04,  0.5595406E-02
  0.1114885E-03, -0.1590257E-03,  0.5670810E-02
  0.6363204E-04,  0.2961071E-03,  0.5571942E-02
  0.3307464E-03,  0.4650252E-04,  0.5240945E-02
 -0.1272980E-03,  0.3100506E-03,  0.5199467E-02
  0.4425398E-04, -0.6343738E-04,  0.5595347E-02
  0.1095406E-03, -0.1656696E-03,  0.5682479E-02
  0.6765191E-04,  0.3126317E-03,  0.5584480E-02
  0.3380482E-03,  0.6478246E-04,  0.5301168E-02
 -0.9228217E-04,  0.2908083E-03,  0.5236417E-02
  0.4851485E-04, -0.7233178E-04,  0.5595094E-02
  0.1075757E-03, -0.1723809E-03,  0.5694773E-02
  0.7298196E-04,  0.3300406E-03,  0.5599188E-02
 -0.6875994E-04, -0.1755672E-03,  0.5552817E-02
 -0.6305642E-04,  0.2717979E-03,  0.5273408E-02
  0.5349187E-04, -0.8251387E-04,  0.5594602E-02
  0.1055849E-03, -0.1792005E-03,  0.5707826E-02
  0.7999298E-04,  0.3491359E-03,  0.5616381E-02
 -0.7004460E-04, -0.1743617E-03,  0.5587640E-02
 -0.3788940E-04,  0.2541993E-03,  0.5310226E-02
  0.5943837E-04, -0.9419990E-04,  0.5593801E-02
  0.1035594E-03, -0.1861645E-03,  0.5721794E-02
  0.8918117E-04,  0.3711370E-03,  0.5636372E-02
 -0.6942998E-04, -0.1743800E-03,  0.5615888E-02
 -0.1532087E-04,  0.2387481E-03,  0.5347203E-02
  0.6672441E-04, -0.1076743E-03,  0.5592578E-02
  0.1014863E-03, -0.1933000E-03,  0.5736866E-02
  0.4575565E-04, -0.2306622E-03,  0.5910729E-02
 -0.6679912E-04, -0.1746544E-03,  0.5639550E-02
 -0.5939253E-04, -0.7521560E-04,  0.5684500E-02
  0.7589832E-04, -0.1233154E-03,  0.5590748E-02
  0.9934151E-04, -0.2006165E-03,  0.5753276E-02
  0.6138403E-04, -0.1953394E-03,  0.5936233E-02
 -0.6233791E-04, -0.1747843E-03,  0.5659688E-02
 -0.3768037E-04, -0.8384349E-04,  0.5724271E-02
  0.8778859E-04, -0.1416305E-03,  0.5587989E-02
  0.9707760E-04, -0.2080878E-03,  0.5771324E-02
  0.8091975E-04, -0.1454649E-03,  0.5961197E-02
 -0.5628542E-04, -0.1745764E-03,  0.5676930E-02
 -0.1320667E-04, -0.8568694E-04,  0.5766797E-02
  0.1036736E-03, -0.1632980E-03,  0.5583707E-02
  0.9459987E-04, -0.2156138E-03,  0.5791406E-02
  0.1011468E-03, -0.7383059E-04,  0.5974127E-02
 -0.4886749E-04, -0.1739274E-03,  0.5691685E-02
  0.1708387E-04, -0.7451223E-04,  0.5809511E-02
  0.1255495E-03, -0.1891901E-03,  0.5576718E-02
  0.9171457E-04, -0.2229337E-03,  0.5814044E-02
  0.1100349E-03,  0.9959238E-05,  0.5954008E-02
 -0.4027510E-04, -0.1727792E-03,  0.5704248E-02
  0.5129816E-04, -0.4561080E-04,  0.5839228E-02
  0.1564418E-03, -0.2202380E-03,  0.5564495E-02
  0.8800665E-04, -0.2294225E-03,  0.5839882E-02
  0.2598045E-04,  0.4443940E-04,  0.5756462E-02
 -0.3065713E-04, -0.1711005E-03,  0.5714842E-02
  0.7830395E-04, -0.1223055E-04,  0.5846508E-02
  0.1760628E-03, -0.2382037E-03,  0.5571362E-02
  0.8252803E-04, -0.2335981E-03,  0.5869455E-02
  0.8942734E-05,  0.7709125E-04,  0.5707833E-02
 -0.2011891E-04, -0.1688790E-03,  0.5723643E-02
 -0.1407991E-03, -0.3039654E-03,  0.5712555E-02
  0.2340309E-03, -0.2770070E-03,  0.5528570E-02
  0.1650828E-04, -0.1880162E-03,  0.5738720E-02
 -0.7976243E-05,  0.9338223E-04,  0.5668430E-02
 -0.8722940E-05, -0.1661154E-03,  0.5730790E-02
 -0.1299514E-03, -0.2859204E-03,  0.5707083E-02
  0.2989999E-03, -0.3105397E-03,  0.5459802E-02
 -0.1733728E-05, -0.1753535E-03,  0.5764463E-02
 -0.2283568E-04,  0.1018345E-03,  0.5637475E-02
  0.3509505E-05, -0.1628207E-03,  0.5736386E-02
 -0.1223465E-03, -0.2721388E-03,  0.5702200E-02
 -0.3395455E-03, -0.4566680E-04,  0.5663912E-02
 -0.3762203E-04, -0.7359792E-04,  0.5886356E-02
 -0.3554442E-04,  0.1063472E-03,  0.5612865E-02
  0.1659534E-04, -0.1590108E-03,  0.5740499E-02
 -0.1166694E-03, -0.2607850E-03,  0.5698210E-02
 -0.2819192E-03, -0.5937033E-04,  0.5582838E-02
 -0.3477883E-04, -0.5488063E-04,  0.5790057E-02
 -0.4638317E-04,  0.1086971E-03,  0.5592969E-02
  0.3058348E-04, -0.1547044E-03,  0.5743161E-02
 -0.1122899E-03, -0.2508789E-03,  0.5694959E-02
 -0.2279745E-03, -0.6535688E-04,  0.5514900E-02
  0.1233765E-03,  0.1019444E-04,  0.5609457E-02
 -0.5565994E-04,  0.1097438E-03,  0.5576691E-02
  0.4554512E-04, -0.1499207E-03,  0.5744365E-02
 -0.1088769E-03, -0.2419018E-03,  0.5692231E-02
 -0.1284493E-03, -0.6227505E-04,  0.5497782E-02
  0.1698008E-04,  0.1320370E-04,  0.5605927E-02
 -0.6365000E-04,  0.1099280E-03,  0.5563324E-02
  0.6156264E-04, -0.1446828E-03,  0.5744068E-02
 -0.1062352E-03, -0.2335782E-03,  0.5689825E-02
 -0.1003441E-03, -0.5878315E-04,  0.5464007E-02
  0.3304861E-05, -0.2280468E-04,  0.5584691E-02
 -0.7060049E-04,  0.1094858E-03,  0.5552431E-02
  0.7872068E-04, -0.1390223E-03,  0.5742196E-02
 -0.1042324E-03, -0.2257610E-03,  0.5687568E-02
 -0.7761100E-04, -0.5332424E-04,  0.5454264E-02
 -0.7626644E-05, -0.3999315E-04,  0.5566511E-02
 -0.7674688E-04,  0.1085480E-03,  0.5543773E-02
  0.9710072E-04, -0.1329848E-03,  0.5738655E-02
 -0.1027641E-03, -0.2183691E-03,  0.5685313E-02
  0.2045071E-04, -0.1026954E-04,  0.5385825E-02
 -0.1698351E-04, -0.5049231E-04,  0.5550807E-02
 -0.8232800E-04,  0.1071899E-03,  0.5537251E-02
  0.1167782E-03, -0.1266339E-03,  0.5733341E-02
 -0.1017360E-03, -0.2113513E-03,  0.5682934E-02
  0.4705695E-04,  0.4574830E-05,  0.5394372E-02
 -0.2554243E-04, -0.5817798E-04,  0.5536903E-02
 -0.8759597E-04,  0.1054589E-03,  0.5532883E-02
 -0.3151902E-04, -0.5239827E-04,  0.5585927E-02
 -0.2539289E-04, -0.5068745E-04,  0.5639848E-02
  0.7153120E-04,  0.2264851E-04,  0.5406435E-02
 -0.3373132E-04, -0.6467295E-04,  0.5524275E-02
 -0.9281905E-04,  0.1033906E-03,  0.5530778E-02
 -0.9060921E-05, -0.4568422E-04,  0.5576751E-02
 -0.2497088E-04, -0.4428649E-04,  0.5636943E-02
  0.9238200E-04,  0.4245552E-04,  0.5421459E-02
 -0.4186618E-04, -0.7077207E-04,  0.5512524E-02
 -0.9827517E-04,  0.1010173E-03,  0.5531124E-02
  0.1484434E-04, -0.3894907E-04,  0.5565505E-02
 -0.2471414E-04, -0.3811157E-04,  0.5633683E-02
  0.1088823E-03,  0.6267463E-04,  0.5438995E-02
 -0.5023618E-04, -0.7691526E-04,  0.5501338E-02
 -0.1042316E-03,  0.9837070E-04,  0.5534178E-02
  0.4019167E-04, -0.3230719E-04,  0.5552114E-02
 -0.2453054E-04, -0.3208453E-04,  0.5630033E-02
  0.1208405E-03,  0.8233338E-04,  0.5458545E-02
 -0.5914265E-04, -0.8337682E-04,  0.5490474E-02
 -0.1109034E-03,  0.9548183E-04,  0.5540239E-02
  0.6692185E-04, -0.2586653E-04,  0.5536511E-02
 -0.2432734E-04, -0.2610132E-04,  0.5625973E-02
  0.1284149E-03,  0.1008704E-03,  0.5479669E-02
 -0.6892590E-04, -0.9035199E-04,  0.5479751E-02
 -0.1183831E-03,  0.9238594E-04,  0.5549593E-02
  0.9489883E-04, -0.1972052E-04,  0.5518613E-02
 -0.2400890E-04, -0.2002350E-04,  0.5621495E-02
 -0.9213974E-04, -0.1742155E-03,  0.5424355E-02
 -0.7999075E-04, -0.9800209E-04,  0.5469041E-02
 -0.1201141E-03,  0.8994066E-04,  0.5555305E-02
  0.1238876E-03, -0.1394718E-04,  0.5498292E-02
 -0.2347119E-04, -0.1366732E-04,  0.5616594E-02
 -0.9237022E-04, -0.1583340E-03,  0.5447929E-02
 -0.9283556E-04, -0.1064820E-03,  0.5458279E-02
 -0.1286313E-03,  0.8687318E-04,  0.5571138E-02
  0.1535411E-03, -0.8622260E-05,  0.5475321E-02
 -0.2259130E-04, -0.6790650E-05,  0.5611266E-02
 -0.9608254E-04, -0.1436335E-03,  0.5472684E-02
 -0.1080891E-03, -0.1159611E-03,  0.5447468E-02
 -0.1372762E-03,  0.8476849E-04,  0.5588819E-02
  0.1834038E-03, -0.3847946E-05,  0.5449336E-02
 -0.2120799E-04,  0.9195288E-06,  0.5605503E-02
 -0.1031307E-03, -0.1299250E-03,  0.5498720E-02
 -0.1265602E-03, -0.1266424E-03,  0.5436693E-02
 -0.1468278E-03,  0.8529371E-04,  0.5606315E-02
  0.2129326E-03,  0.2122387E-06,  0.5419829E-02
 -0.1908726E-04,  0.9850030E-05,  0.5599302E-02
 -0.1134916E-03, -0.1170118E-03,  0.5526183E-02
 -0.1493090E-03, -0.1387853E-03,  0.5426130E-02
 -0.1597188E-03,  0.9074768E-04,  0.5621705E-02
  0.2415127E-03,  0.3315279E-05,  0.5386198E-02
 -0.1586542E-04,  0.2042824E-04,  0.5592689E-02
 -0.1272706E-03, -0.1047146E-03,  0.5555234E-02
 -0.1777525E-03, -0.1527347E-03,  0.5416057E-02
 -0.1793707E-03,  0.1033045E-03,  0.5633945E-02
  0.2684433E-03,  0.5163084E-05,  0.5347864E-02
 -0.1097462E-04,  0.3297808E-04,  0.5585800E-02
 -0.1447087E-03, -0.9288643E-04,  0.5586016E-02
 -0.2138294E-03, -0.1689624E-03,  0.5406847E-02
 -0.2232935E-03,  0.1423475E-03,  0.5617808E-02
  0.2928729E-03,  0.5483682E-05,  0.5304431E-02
 -0.3651091E-05,  0.4726832E-04,  0.5579050E-02
 -0.1661957E-03, -0.8143019E-04,  0.5618624E-02
 -0.2602681E-03, -0.1881338E-03,  0.5398921E-02
 -0.2655350E-03,  0.1733924E-03,  0.5620715E-02
  0.3137003E-03,  0.4167745E-05,  0.5255861E-02
  0.6401406E-05,  0.6138637E-04,  0.5573316E-02
 -0.1922909E-03, -0.7032372E-04,  0.5653057E-02
 -0.3210434E-03, -0.2112207E-03,  0.5392597E-02
 -0.3223956E-03,  0.2144669E-03,  0.5615129E-02
  0.3294828E-03,  0.1452549E-05,  0.5202683E-02
  0.1587258E-04,  0.7051330E-04,  0.5569064E-02
 -0.2237431E-03, -0.5966589E-04,  0.5689138E-02
 -0.4021847E-03, -0.2397153E-03,  0.5387642E-02
 -0.3951866E-03,  0.2644098E-03,  0.5596559E-02
  0.3383994E-03, -0.1853475E-05,  0.5146230E-02
  0.1327858E-04,  0.7162538E-04,  0.5561999E-02
 -0.2614896E-03, -0.4975924E-04,  0.5726383E-02
 -0.5132275E-03, -0.2760663E-03,  0.5381970E-02
 -0.4840763E-03,  0.3198451E-03,  0.5559903E-02
  0.3851921E-03, -0.6752441E-04,  0.5004716E-02
 -0.2846587E-03,  0.3580432E-03,  0.5291241E-02
 -0.3065694E-03, -0.4124976E-04,  0.5763789E-02
 -0.6695381E-03, -0.3245978E-03,  0.5367589E-02
 -0.5876039E-03,  0.3748697E-03,  0.5501129E-02
  0.3737918E-03, -0.6601051E-04,  0.4950473E-02
 -0.3324787E-03,  0.3735528E-03,  0.5249573E-02
 -0.3597975E-03, -0.3532732E-04,  0.5799534E-02
 -0.8928227E-03, -0.3930728E-03,  0.5317545E-02
 -0.6328394E-03,  0.4862304E-03,  0.5847223E-02
  0.3488733E-03, -0.5663572E-04,  0.4905184E-02
 -0.3978287E-03,  0.4064115E-03,  0.5182725E-02
 -0.4209263E-03, -0.3388414E-04,  0.5830774E-02
 -0.1559620E-02, -0.4271111E-03,  0.6388519E-02
 -0.7550030E-03,  0.5177748E-03,  0.5745446E-02
  0.3086164E-03, -0.3371613E-04,  0.4877540E-02
 -0.4780645E-03,  0.4542053E-03,  0.5087557E-02
 -0.4871727E-03, -0.3923226E-04,  0.5854119E-02
 -0.1790006E-02, -0.5367140E-03,  0.6037988E-02
 -0.8799708E-03,  0.5286587E-03,  0.5630677E-02
  0.2519120E-03,  0.1030169E-04,  0.4880428E-02
 -0.5707987E-03,  0.5107077E-03,  0.4961935E-02
 -0.5522245E-03, -0.5276934E-04,  0.5867700E-02
 -0.1827934E-02, -0.6160065E-03,  0.5640587E-02
 -0.1004157E-02,  0.5168574E-03,  0.5511718E-02
  0.1787397E-03,  0.8526090E-04,  0.4933678E-02
  0.5078427E-03,  0.5582860E-03,  0.6184171E-02
  0.9894091E-04, -0.8402953E-04,  0.5882936E-02
 -0.1761299E-02, -0.6680192E-03,  0.5328518E-02
 -0.1125076E-02,  0.4832225E-03,  0.5397368E-02
  0.9069979E-04,  0.2040998E-03,  0.5069993E-02
  0.4055988E-03,  0.6070946E-03,  0.6004485E-02
  0.5580583E-04, -0.1073298E-03,  0.5887852E-02
 -0.1672014E-02, -0.7101928E-03,  0.5095392E-02
 -0.1241210E-02,  0.4304785E-03,  0.5295226E-02
 -0.8361980E-05,  0.3842870E-03,  0.5349928E-02
  0.3102660E-03,  0.6424756E-03,  0.5809090E-02
  0.2471518E-04, -0.1295429E-03,  0.5897657E-02
 -0.2145464E-03, -0.4171851E-03,  0.5415114E-02
 -0.1351698E-02,  0.3621927E-03,  0.5211290E-02
 -0.1143429E-03,  0.6475521E-03,  0.5910007E-02
  0.2294983E-03,  0.6626879E-03,  0.5608227E-02
  0.2027011E-05, -0.1482646E-03,  0.5916028E-02
 -0.1422582E-03, -0.4603509E-03,  0.5271372E-02
 -0.1456069E-02,  0.2820376E-03,  0.5150074E-02
 -0.2758874E-03,  0.9570059E-03,  0.7186897E-02
  0.1689764E-03,  0.6689130E-03,  0.5411497E-02
 -0.1588344E-04, -0.1625866E-03,  0.5944450E-02
 -0.8468090E-04, -0.5074958E-03,  0.5153880E-02
 -0.1554071E-02,  0.1933724E-03,  0.5114917E-02
 -0.1951901E-03,  0.1927357E-02,  0.1174229E-01
  0.1320860E-03,  0.6637914E-03,  0.5226689E-02
 -0.3167190E-04, -0.1724227E-03,  0.5983283E-02
 -0.4257371E-04, -0.5596370E-03,  0.5056242E-02
 -0.1645597E-02,  0.9905520E-04,  0.5108337E-02
  0.1564406E-02,  0.4640696E-02,  0.4884989E-02
  0.1203182E-03,  0.6502813E-03,  0.5059501E-02
 -0.4703146E-04, -0.1780348E-03,  0.6032486E-02
 -0.1627122E-04, -0.6176116E-03,  0.4973857E-02
 -0.1730656E-02,  0.1391805E-05,  0.5132346E-02
  0.6289768E-03,  0.3892734E-02,  0.4005555E-02
  0.1338907E-03,  0.6310893E-03,  0.4913701E-02
 -0.6291821E-04, -0.1798144E-03,  0.6091950E-02
 -0.6011620E-05, -0.6823463E-03,  0.4902873E-02
 -0.1809381E-02, -0.9784403E-04,  0.5188725E-02
 -0.1251701E-03,  0.3490461E-02,  0.3418216E-02
  0.1723082E-03,  0.6085111E-03,  0.4791395E-02
 -0.7973241E-04, -0.1782091E-03,  0.6161606E-02
 -0.1202462E-04, -0.7550748E-03,  0.4839537E-02
 -0.1882035E-02, -0.1973601E-03,  0.5279269E-02
 -0.8206074E-03,  0.3235829E-02,  0.3041341E-02
  0.2347832E-03,  0.5844651E-03,  0.4693251E-02
 -0.9741264E-04, -0.1737107E-03,  0.6241440E-02
 -0.3454430E-04, -0.8375836E-03,  0.4779662E-02
 -0.1949011E-02, -0.2962862E-03,  0.5406016E-02
 -0.1491968E-02,  0.3060482E-02,  0.2836616E-02
  0.3205304E-03,  0.5605834E-03,  0.4618642E-02
 -0.1154568E-03, -0.1668665E-03,  0.6331473E-02
 -0.7379405E-04, -0.9325602E-03,  0.4718095E-02
 -0.2010839E-02, -0.3941171E-03,  0.5571474E-02
 -0.2149836E-02,  0.2931741E-02,  0.2787017E-02
  0.4289751E-03,  0.5382983E-03,  0.4565724E-02
 -0.1328872E-03, -0.1582975E-03,  0.6431721E-02
 -0.1299410E-03, -0.1044153E-02,  0.4648013E-02
 -0.2068169E-02, -0.4906649E-03,  0.5778871E-02
 -0.2795667E-02,  0.2831025E-02,  0.2885358E-02
  0.5599121E-03,  0.5189158E-03,  0.4531451E-02
 -0.1481708E-03, -0.1487147E-03,  0.6542156E-02
 -0.2029603E-03, -0.1178953E-02,  0.4559847E-02
 -0.2121765E-02, -0.5860217E-03,  0.6032443E-02
 -0.3426916E-02,  0.2746956E-02,  0.3129630E-02
  0.7136399E-03,  0.5036914E-03,  0.4511552E-02
 -0.1590976E-03, -0.1389309E-03,  0.6662660E-02
 -0.2922016E-03, -0.1347884E-02,  0.4439448E-02
 -0.2172486E-02, -0.6805355E-03,  0.6337766E-02
 -0.4039305E-02,  0.2672636E-02,  0.3521208E-02
  0.8910935E-03,  0.4939388E-03,  0.4500462E-02
 -0.1626176E-03, -0.1298665E-03,  0.6792979E-02
 -0.3949297E-03, -0.1570147E-02,  0.4264695E-02
 -0.2221273E-02, -0.7747984E-03,  0.6702176E-02
 -0.4627987E-02,  0.2604351E-02,  0.4064407E-02
  0.1093991E-02,  0.4912208E-03,  0.4491221E-02
 -0.1546275E-03, -0.1225485E-03,  0.6932684E-02
 -0.5010133E-03, -0.1882421E-02,  0.3998947E-02
 -0.2269134E-02, -0.8696475E-03,  0.7135276E-02
 -0.5188161E-02,  0.2540846E-02,  0.4766761E-02
  0.1325007E-02,  0.4976962E-03,  0.4475340E-02
 -0.1296988E-03, -0.1181021E-03,  0.7081124E-02
 -0.5709347E-03, -0.2362401E-02,  0.3579559E-02
 -0.2317131E-02, -0.9661783E-03,  0.7649582E-02
 -0.5715365E-02,  0.2482855E-02,  0.5639759E-02
  0.1587979E-02,  0.5167541E-03,  0.4442725E-02
 -0.8073027E-04, -0.1177370E-03,  0.7237402E-02
 -0.4312576E-03, -0.3182989E-02,  0.2924038E-02
 -0.2366364E-02, -0.1065771E-02,  0.8261336E-02
 -0.6205533E-02,  0.2432772E-02,  0.6699918E-02
  0.1888130E-02,  0.5541619E-03,  0.4381840E-02
  0.1496505E-05, -0.1227288E-03,  0.7400352E-02
  0.5580078E-03, -0.4486467E-02,  0.2260433E-02
 -0.2417967E-02, -0.1170130E-02,  0.8991535E-02
 -0.6654912E-02,  0.2394431E-02,  0.7970175E-02
  0.2232167E-02,  0.6200744E-03,  0.4280775E-02
  0.1288883E-03, -0.1343977E-03,  0.7568544E-02
  0.2446515E-02, -0.5342971E-02,  0.2575634E-02
 -0.2473094E-02, -0.1281338E-02,  0.9867253E-02
 -0.7059854E-02,  0.2372975E-02,  0.9481656E-02
  0.2479089E-02, -0.1004067E-02,  0.3541707E-02
  0.3167755E-03, -0.1540862E-03,  0.7740319E-02
 -0.8000646E-02, -0.1999243E-02, -0.1880921E-03
 -0.2532912E-02, -0.1401931E-02,  0.1092334E-01
 -0.7416545E-02,  0.2374817E-02,  0.1127592E-01
  0.2931491E-02, -0.8198722E-03,  0.3349399E-02
  0.5848602E-03, -0.1831376E-03,  0.7913876E-02
 -0.6903867E-02, -0.1830101E-02,  0.6246244E-03
 -0.2598597E-02, -0.1534988E-02,  0.1220465E-01
 -0.7720667E-02,  0.2407693E-02,  0.1340787E-01
  0.3434075E-02, -0.5455151E-03,  0.3156265E-02
  0.9584390E-03, -0.2228766E-03,  0.8087436E-02
 -0.5967933E-02, -0.1597160E-02,  0.1332366E-02
 -0.2671321E-02, -0.1684253E-02,  0.1376890E-01
 -0.7967013E-02,  0.2480818E-02,  0.1594959E-01
  0.4290366E-02, -0.7773373E-03,  0.1612650E-02
  0.1469975E-02, -0.2745974E-03,  0.8259526E-02
 -0.5061928E-02, -0.1345707E-02,  0.1941580E-02
 -0.2752257E-02, -0.1854292E-02,  0.1569061E-01
 -0.8149029E-02,  0.2605164E-02,  0.1899562E-01
  0.4816944E-02, -0.5910161E-03,  0.1529679E-02
  0.2161111E-02, -0.3395785E-03,  0.8429469E-02
 -0.4101573E-02, -0.1088276E-02,  0.2457940E-02
 -0.2842572E-02, -0.2050701E-02,  0.1806629E-01
 -0.8258265E-02,  0.2793889E-02,  0.2267015E-01
  0.5378257E-02, -0.6218517E-03,  0.1330952E-02
  0.3085222E-02, -0.4191650E-03,  0.8598207E-02
 -0.3016170E-02, -0.8287854E-03,  0.2878926E-02
 -0.2943434E-02, -0.2280389E-02,  0.2102179E-01
 -0.8283657E-02,  0.3062989E-02,  0.2713745E-01
  0.6022456E-02, -0.8540012E-03,  0.8667468E-03
  0.4310589E-02, -0.5150050E-03,  0.8769689E-02
 -0.1732763E-02, -0.5689265E-03,  0.3193860E-02
 -0.3056028E-02, -0.2551983E-02,  0.2472265E-01
 -0.8210556E-02,  0.3432291E-02,  0.3261716E-01
  0.6783009E-02, -0.1250530E-02,  0.3096846E-04
  0.4744065E-02, -0.9925994E-03,  0.1073262E-01
 -0.1663349E-03, -0.3102739E-03,  0.3383942E-02
 -0.3181586E-02, -0.2876412E-02,  0.2938936E-01
 -0.8019290E-02,  0.3926991E-02,  0.3940776E-01
  0.7333275E-02, -0.2464406E-02, -0.5678223E-03
  0.6856247E-02, -0.1129696E-02,  0.1094699E-01
  0.1788182E-02, -0.5527407E-04,  0.3421500E-02
 -0.3321448E-02, -0.3267807E-02,  0.3532066E-01
 -0.7682921E-02,  0.4580155E-02,  0.4792399E-01
  0.8377185E-02, -0.3126968E-02, -0.2495254E-02
  0.9605129E-02, -0.1294908E-02,  0.1122725E-01
  0.4263369E-02,  0.1920248E-03,  0.3268562E-02
 -0.3477170E-02, -0.3744943E-02,  0.4293073E-01
 -0.7163496E-02,  0.5436976E-02,  0.5876014E-01
  0.9561816E-02, -0.3889095E-02, -0.5234170E-02
  0.2256491E-01, -0.5017523E-02, -0.1532235E-02
  0.7425945E-02,  0.4252454E-03,  0.2874991E-02
 -0.3650719E-02, -0.4333692E-02,  0.5281184E-01
 -0.6405282E-02,  0.6562503E-02,  0.7280402E-01
  0.1085001E-01, -0.4693429E-02, -0.9078343E-02
  0.2713032E-01, -0.5247233E-02, -0.8802817E-03
  0.1148077E-01,  0.6349624E-03,  0.2176775E-02
 -0.3844842E-02, -0.5071464E-02,  0.6584722E-01
 -0.5321479E-02,  0.8056887E-02,  0.9146054E-01
  0.1213683E-01, -0.5413384E-02, -0.1448576E-01
  0.3292825E-01, -0.5483884E-02,  0.2113847E-03
  0.1666875E-01,  0.8082220E-03,  0.1095473E-02
 -0.4063802E-02, -0.6015969E-02,  0.8343248E-01
 -0.3764935E-02,  0.1008900E-01,  0.1171430E+00
  0.1315794E-01, -0.5800285E-02, -0.2220181E-01
  0.4016246E-01, -0.5656000E-02,  0.2072748E-02
  0.2325413E-01,  0.9287711E-03, -0.4595528E-03
 -0.4314985E-02, -0.7264534E-02,  0.1079621E+00
 -0.1452311E-02,  0.1298342E-01,  0.1545430E+00
  0.1323890E-01, -0.5468516E-02, -0.3345269E-01
  0.4893706E-01, -0.5602936E-02,  0.5211595E-02
  0.3149717E-01,  0.9785999E-03, -0.2584210E-02
 -0.4613081E-02, -0.9004139E-02,  0.1440867E+00
  0.2290222E-02,  0.1751214E-01,  0.2148839E+00
  0.1067015E-01, -0.4210071E-02, -0.4999048E-01
  0.5917419E-01, -0.5009838E-02,  0.1030717E-01
  0.4161315E-01,  0.9411276E-03, -0.5366910E-02
 -0.4994041E-02, -0.1167916E-01,  0.2029253E+00
  0.9964960E-02,  0.2654347E-01,  0.3399626E+00
  0.2108432E-02, -0.3164911E-02, -0.7274955E-01
  0.7076292E-01, -0.3468704E-02,  0.1803980E-01
 -0.1411784E+01,  0.9428326E-02,  0.1468507E+01
 -0.5594039E-02, -0.1693987E-01,  0.3258729E+00
  0.5037152E-01,  0.5496996E-01,  0.3384241E+01
  0.1445815E+01,  0.4690538E-01,  0.1548469E+01
 -0.6456636E-01, -0.7005325E-02,  0.3482837E-01
 -0.1397672E+01,  0.9193137E-02,  0.1464258E+01
  0.1953684E-02, -0.3100161E-01,  0.3388257E+01
  0.3399182E-01,  0.3640398E-01,  0.3105108E+01
  0.1422860E+01,  0.4172294E-01,  0.1524317E+01
 -0.5186094E-01, -0.5353142E-02,  0.4790057E-01
 -0.1381694E+01,  0.8867755E-02,  0.1459293E+01
  0.2661602E-02, -0.2038090E-01,  0.3110944E+01
  0.2767175E-01,  0.2936322E-01,  0.2993095E+01
  0.1397559E+01,  0.3523867E-01,  0.1503533E+01
 -0.4073526E-01, -0.4174045E-02,  0.6291190E-01
 -0.1364085E+01,  0.8470323E-02,  0.1453685E+01
  0.2822553E-02, -0.1638638E-01,  0.2999138E+01
  0.2356017E-01,  0.2484431E-01,  0.2916953E+01
  0.1371753E+01,  0.2902909E-01,  0.1485648E+01
 -0.3162047E-01, -0.3277203E-02,  0.7917566E-01
 -0.1345148E+01,  0.8023551E-02,  0.1447541E+01
  0.2863901E-02, -0.1383956E-01,  0.2922872E+01
  0.2047378E-01,  0.2148962E-01,  0.2856913E+01
  0.1346117E+01,  0.2368339E-01,  0.1470009E+01
 -0.2442054E-01, -0.2581471E-02,  0.9606369E-01
 -0.1325199E+01,  0.7550247E-02,  0.1440982E+01
  0.2851144E-02, -0.1195979E-01,  0.2862574E+01
  0.1799540E-01,  0.1882023E-01,  0.2806029E+01
  0.1320906E+01,  0.1928275E-01,  0.1456134E+01
 -0.1884746E-01, -0.2045719E-02,  0.1131228E+00
 -0.1304537E+01,  0.7070119E-02,  0.1434127E+01
  0.2807953E-02, -0.1047180E-01,  0.2811367E+01
  0.1592838E-01,  0.1661027E-01,  0.2761050E+01
  0.1296219E+01,  0.1572569E-01,  0.1443677E+01
 -0.1457817E-01, -0.1637208E-02,  0.1300693E+00
 -0.1283423E+01,  0.6598285E-02,  0.1427079E+01
  0.2745876E-02, -0.9245817E-02,  0.2766034E+01
  0.1416368E-01,  0.1473464E-01,  0.2720199E+01
  0.1272096E+01,  0.1286764E-01,  0.1432371E+01
 -0.1132164E-01, -0.1327204E-02,  0.1467418E+00
 -0.1262070E+01,  0.6145175E-02,  0.1419928E+01
  0.2671567E-02, -0.8209993E-02,  0.2724818E+01
  0.1263402E-01,  0.1311627E-01,  0.2682408E+01
  0.1248546E+01,  0.1057118E-01,  0.1422009E+01
 -0.8839123E-02, -0.1091753E-02,  0.1630570E+00
 -0.1240650E+01,  0.5717183E-02,  0.1412741E+01
  0.2589288E-02, -0.7320066E-02,  0.2686662E+01
  0.1129441E-01,  0.1170393E-01,  0.2646984E+01
  0.1225562E+01,  0.8720426E-02,  0.1412422E+01
 -0.6943657E-02, -0.9119782E-03,  0.1789768E+00
 -0.1219292E+01,  0.5317600E-02,  0.1405572E+01
  0.2501965E-02, -0.6546597E-02,  0.2650881E+01
  0.1011293E-01,  0.1046148E-01,  0.2613461E+01
  0.1203131E+01,  0.7222282E-02,  0.1403478E+01
 -0.5492179E-02, -0.7735520E-03,  0.1944893E+00
 -0.1198097E+01,  0.4947504E-02,  0.1398458E+01
  0.2411704E-02, -0.5868805E-02,  0.2617014E+01
  0.9065715E-02,  0.9362191E-02,  0.2581509E+01
  0.1181237E+01,  0.6003449E-02,  0.1395070E+01
 -0.4376484E-02, -0.6658351E-03,  0.2095964E+00
 -0.1177136E+01,  0.4606510E-02,  0.1391429E+01
  0.2320065E-02, -0.5271308E-02,  0.2584733E+01
  0.8134221E-02,  0.8385503E-02,  0.2550889E+01
  0.1159862E+01,  0.5006668E-02,  0.1387111E+01
 -0.3515138E-02, -0.5810121E-03,  0.2243068E+00
 -0.1156465E+01,  0.4293330E-02,  0.1384503E+01
  0.2228225E-02, -0.4742273E-02,  0.2553802E+01
  0.7303551E-02,  0.7515107E-02,  0.2521423E+01
  0.1138989E+01,  0.4187263E-02,  0.1379536E+01
 -0.2846935E-02, -0.5133648E-03,  0.2386329E+00
 -0.1136121E+01,  0.4006174E-02,  0.1377694E+01
  0.2137081E-02, -0.4272308E-02,  0.2524045E+01
  0.6561417E-02,  0.6737712E-02,  0.2492975E+01
  0.1118603E+01,  0.3510297E-02,  0.1372288E+01
 -0.2325842E-02, -0.4587066E-03,  0.2525883E+00
 -0.1116130E+01,  0.3743017E-02,  0.1371011E+01
  0.2047313E-02, -0.3853761E-02,  0.2495325E+01
  0.5897472E-02,  0.6042251E-02,  0.2465441E+01
  0.1098687E+01,  0.2948342E-02,  0.1365327E+01
 -0.1917174E-02, -0.4139617E-03,  0.2661865E+00
 -0.1096510E+01,  0.3501783E-02,  0.1364459E+01
  0.1959438E-02, -0.3480275E-02,  0.2467540E+01
  0.5302859E-02,  0.5419346E-02,  0.2438738E+01
  0.1079227E+01,  0.2479758E-02,  0.1358616E+01
 -0.1594734E-02, -0.3768580E-03,  0.2794411E+00
 -0.1077273E+01,  0.3280446E-02,  0.1358042E+01
  0.1873839E-02, -0.3146473E-02,  0.2440605E+01
  0.4769907E-02,  0.4860944E-02,  0.2412799E+01
  0.1060210E+01,  0.2087381E-02,  0.1352129E+01
 -0.1338680E-02, -0.3457058E-03,  0.2923648E+00
 -0.1058423E+01,  0.3077097E-02,  0.1351760E+01
  0.1790797E-02, -0.2847755E-02,  0.2414453E+01
  0.4291909E-02,  0.4360048E-02,  0.2387572E+01
  0.1041623E+01,  0.1757522E-02,  0.1345843E+01
 -0.1133942E-02, -0.3192390E-03,  0.3049696E+00
 -0.1039963E+01,  0.2889973E-02,  0.1345613E+01
  0.1710507E-02, -0.2580141E-02,  0.2389031E+01
  0.3862962E-02,  0.3910528E-02,  0.2363010E+01
  0.1023455E+01,  0.1479205E-02,  0.1339741E+01
 -0.9690357E-03, -0.2965013E-03,  0.3172669E+00
 -0.1021891E+01,  0.2717475E-02,  0.1339600E+01
  0.1633098E-02, -0.2340163E-02,  0.2364292E+01
  0.3477841E-02,  0.3506979E-02,  0.2339076E+01
  0.1005694E+01,  0.1243582E-02,  0.1333807E+01
 -0.8351872E-03, -0.2767638E-03,  0.3292675E+00
 -0.1004206E+01,  0.2558159E-02,  0.1333720E+01
  0.1558646E-02, -0.2124782E-02,  0.2340197E+01
  0.3131912E-02,  0.3144608E-02,  0.2315739E+01
  0.9883294E+00,  0.1043482E-02,  0.1328030E+01
 -0.7256687E-03, -0.2594661E-03,  0.3409813E+00
 -0.9869018E+00,  0.2410737E-02,  0.1327969E+01
  0.1487182E-02, -0.1931319E-02,  0.2316714E+01
  0.2821051E-02,  0.2819152E-02,  0.2292970E+01
  0.9713515E+00,  0.8730661E-03,  0.1322399E+01
 -0.6353063E-03, -0.2441734E-03,  0.3524180E+00
 -0.9699731E+00,  0.2274062E-02,  0.1322347E+01
  0.1418703E-02, -0.1757409E-02,  0.2293813E+01
  0.2541581E-02,  0.2526809E-02,  0.2270745E+01
  0.9547499E+00,  0.7275565E-03,  0.1316907E+01
 -0.5601079E-03, -0.2305452E-03,  0.3635864E+00
 -0.9534133E+00,  0.2147115E-02,  0.1316849E+01
  0.1353181E-02, -0.1600956E-02,  0.2271470E+01
  0.2290221E-02,  0.2264178E-02,  0.2249043E+01
  0.9385151E+00,  0.6030249E-03,  0.1311545E+01
 -0.4969829E-03, -0.2183122E-03,  0.3744951E+00
 -0.9372151E+00,  0.2028992E-02,  0.1311473E+01
  0.1290565E-02, -0.1460099E-02,  0.2249662E+01
  0.2064042E-02,  0.2028214E-02,  0.2227844E+01
  0.9226378E+00,  0.4962273E-03,  0.1306309E+01
 -0.4435297E-03, -0.2072597E-03,  0.3851522E+00
 -0.9213710E+00,  0.1918894E-02,  0.1306216E+01
  0.1230789E-02, -0.1333186E-02,  0.2228368E+01
  0.1860428E-02,  0.1816190E-02,  0.2207130E+01
  0.9071090E+00,  0.4044732E-03,  0.1301192E+01
 -0.3978752E-03, -0.1972147E-03,  0.3955655E+00
 -0.9058730E+00,  0.1816109E-02,  0.1301076E+01
  0.1173774E-02, -0.1218746E-02,  0.2207569E+01
  0.1677039E-02,  0.1625660E-02,  0.2186885E+01
  0.8919197E+00,  0.3255223E-03,  0.1296190E+01
 -0.3585531E-03, -0.1880367E-03,  0.4057422E+00
 -0.8907133E+00,  0.1720008E-02,  0.1296048E+01
  0.1119434E-02, -0.1115469E-02,  0.2187248E+01
  0.1511785E-02,  0.1454428E-02,  0.2167094E+01
  0.8770616E+00,  0.2575013E-03,  0.1291298E+01
 -0.3244100E-03, -0.1796106E-03,  0.4156893E+00
 -0.8758838E+00,  0.1630028E-02,  0.1291131E+01
  0.1067675E-02, -0.1022188E-02,  0.2167390E+01
  0.1362797E-02,  0.1300526E-02,  0.2147742E+01
  0.8625260E+00,  0.1988381E-03,  0.1286514E+01
 -0.2945350E-03, -0.1718412E-03,  0.4254138E+00
 -0.8613764E+00,  0.1545669E-02,  0.1286322E+01
  0.1018400E-02, -0.9378628E-03,  0.2147980E+01
  0.1228406E-02,  0.1162186E-02,  0.2128818E+01
  0.8483050E+00,  0.1482084E-03,  0.1281833E+01
 -0.2682049E-03, -0.1646491E-03,  0.4349219E+00
 -0.8471833E+00,  0.1466484E-02,  0.1281617E+01
  0.9715093E-03, -0.8615658E-03,  0.2129003E+01
  0.1107116E-02,  0.1037822E-02,  0.2110308E+01
  0.8343905E+00,  0.1044928E-03,  0.1277252E+01
 -0.2448429E-03, -0.1579679E-03,  0.4442198E+00
 -0.8332966E+00,  0.1392071E-02,  0.1277014E+01
  0.9269033E-03, -0.7924696E-03,  0.2110447E+01
  0.9975919E-03,  0.9260112E-03,  0.2092200E+01
  0.8207748E+00,  0.6674202E-04,  0.1272769E+01
 -0.2239859E-03, -0.1517413E-03,  0.4533137E+00
 -0.8197086E+00,  0.1322071E-02,  0.1272510E+01
  0.8844820E-03, -0.7298359E-03,  0.2092299E+01
  0.8986390E-03,  0.8254757E-03,  0.2074483E+01
  0.8074503E+00,  0.3414821E-04,  0.1268381E+01
 -0.2052603E-03, -0.1459213E-03,  0.4622090E+00
 -0.8064117E+00,  0.1256158E-02,  0.1268103E+01
  0.8441467E-03, -0.6730053E-03,  0.2074547E+01
  0.8091882E-03,  0.7350693E-03,  0.2057146E+01
  0.7944096E+00,  0.6022037E-05,  0.1264085E+01
 -0.1883625E-03, -0.1404669E-03,  0.4709115E+00
 -0.7933985E+00,  0.1194038E-02,  0.1263790E+01
  0.8058006E-03, -0.6213895E-03,  0.2057180E+01
  0.7282831E-03,  0.6537636E-03,  0.2040180E+01
  0.7816455E+00, -0.1822654E-04,  0.1259878E+01
 -0.1730444E-03, -0.1353426E-03,  0.4794263E+00
 -0.7806618E+00,  0.1135445E-02,  0.1259568E+01
  0.7693494E-03, -0.5744625E-03,  0.2040187E+01
  0.6550676E-03,  0.5806356E-03,  0.2023573E+01
  0.7691510E+00, -0.3910395E-04,  0.1255759E+01
 -0.1591014E-03, -0.1305177E-03,  0.4877587E+00
 -0.7681944E+00,  0.1080138E-02,  0.1255436E+01
  0.7347014E-03, -0.5317546E-03,  0.2023557E+01
  0.5887753E-03,  0.5148573E-03,  0.2007317E+01
  0.7569193E+00, -0.5704597E-04,  0.1251725E+01
 -0.1463642E-03, -0.1259655E-03,  0.4959135E+00
 -0.7559896E+00,  0.1027895E-02,  0.1251390E+01
  0.7017680E-03, -0.4928458E-03,  0.2007281E+01
  0.5287198E-03,  0.4556856E-03,  0.1991403E+01
  0.7449438E+00, -0.7242856E-04,  0.1247773E+01
 -0.1346911E-03, -0.1216624E-03,  0.5038955E+00
 -0.7440406E+00,  0.9785146E-03,  0.1247430E+01
  0.6704638E-03, -0.4573605E-03,  0.1991350E+01
  0.4742859E-03,  0.4024537E-03,  0.1975820E+01
  0.7332180E+00, -0.8557681E-04,  0.1243903E+01
 -0.1239630E-03, -0.1175879E-03,  0.5117095E+00
 -0.7323409E+00,  0.9318116E-03,  0.1243551E+01
  0.6407069E-03, -0.4249626E-03,  0.1975753E+01
  0.4249225E-03,  0.3545634E-03,  0.1960562E+01
  0.7217355E+00, -0.9677246E-04,  0.1240111E+01
 -0.1140787E-03, -0.1137236E-03,  0.5193597E+00
 -0.7208841E+00,  0.8876160E-03,  0.1239753E+01
  0.6124187E-03, -0.3953512E-03,  0.1960482E+01
  0.3801349E-03,  0.3114776E-03,  0.1945618E+01
  0.7104903E+00, -0.1062601E-03,  0.1236396E+01
 -0.1049519E-03, -0.1100534E-03,  0.5268506E+00
 -0.7096641E+00,  0.8457714E-03,  0.1236033E+01
  0.5855240E-03, -0.3682570E-03,  0.1945529E+01
  0.3394798E-03,  0.2727143E-03,  0.1930982E+01
  0.6994764E+00, -0.1142528E-03,  0.1232756E+01
 -0.9650830E-04, -0.1065627E-03,  0.5341863E+00
 -0.6986749E+00,  0.8061332E-03,  0.1232390E+01
  0.5599510E-03, -0.3434384E-03,  0.1930884E+01
  0.3025588E-03,  0.2378409E-03,  0.1916646E+01
  0.6886881E+00, -0.1209360E-03,  0.1229190E+01
 -0.8868343E-04, -0.1032386E-03,  0.5413708E+00
 -0.6879106E+00,  0.7685678E-03,  0.1228821E+01
  0.5356311E-03, -0.3206789E-03,  0.1916541E+01
  0.2690144E-03,  0.2064689E-03,  0.1902601E+01
  0.6781196E+00, -0.1264718E-03,  0.1225695E+01
 -0.8142110E-04, -0.1000695E-03,  0.5484081E+00
 -0.6773656E+00,  0.7329513E-03,  0.1225324E+01
  0.5124998E-03, -0.2997846E-03,  0.1902491E+01
  0.2385251E-03,  0.1782495E-03,  0.1888842E+01
  0.6677655E+00, -0.1310021E-03,  0.1222269E+01
 -0.7467195E-04, -0.9704486E-04,  0.5553019E+00
 -0.6670345E+00,  0.6991688E-03,  0.1221898E+01
  0.4904947E-03, -0.2805807E-03,  0.1888727E+01
  0.2108018E-03,  0.1528692E-03,  0.1875359E+01
  0.6576205E+00, -0.1346509E-03,  0.1218912E+01
 -0.6839238E-04, -0.9415521E-04,  0.5620558E+00
 -0.6569118E+00,  0.6671135E-03,  0.1218540E+01
  0.4695571E-03, -0.2629107E-03,  0.1875241E+01
  0.1855846E-03,  0.1300465E-03,  0.1862147E+01
  0.6476793E+00, -0.1375272E-03,  0.1215621E+01
 -0.6254364E-04, -0.9139195E-04,  0.5686736E+00
 -0.6469924E+00,  0.6366857E-03,  0.1215250E+01
  0.4496312E-03, -0.2466339E-03,  0.1862027E+01
  0.1626393E-03,  0.1095284E-03,  0.1849200E+01
  0.6379371E+00, -0.1397268E-03,  0.1212394E+01
 -0.5709114E-04, -0.8874724E-04,  0.5751584E+00
 -0.6372713E+00,  0.6077926E-03,  0.1212026E+01
  0.4306642E-03, -0.2316235E-03,  0.1849077E+01
  0.1417550E-03,  0.9108740E-04,  0.1836509E+01
  0.6283889E+00, -0.1413337E-03,  0.1209231E+01
 -0.5200385E-04, -0.8621393E-04,  0.5815139E+00
 -0.6277435E+00,  0.5803477E-03,  0.1208865E+01
  0.4126058E-03, -0.2177655E-03,  0.1836386E+01
  0.1227415E-03,  0.7451907E-04,  0.1824069E+01
  0.6190298E+00, -0.1424220E-03,  0.1206130E+01
 -0.4725381E-04, -0.8378549E-04,  0.5877430E+00
 -0.6184043E+00,  0.5542699E-03,  0.1205766E+01
  0.3954086E-03, -0.2049572E-03,  0.1823946E+01
  0.1054274E-03,  0.5963939E-04,  0.1811875E+01
  0.6098554E+00, -0.1430569E-03,  0.1203089E+01
 -0.4281573E-04, -0.8145591E-04,  0.5938490E+00
 -0.6092491E+00,  0.5294833E-03,  0.1202728E+01
  0.3790276E-03, -0.1931059E-03,  0.1811751E+01
  0.8965779E-04,  0.4628285E-04,  0.1799919E+01
  0.6008612E+00, -0.1432961E-03,  0.1200108E+01
 -0.3866665E-04, -0.7921967E-04,  0.5998350E+00
 -0.6002734E+00,  0.5059169E-03,  0.1199750E+01
  0.3634202E-03, -0.1821280E-03,  0.1799796E+01
  0.7529290E-04,  0.3430049E-04,  0.1788197E+01
  0.5920426E+00, -0.1431903E-03,  0.1197183E+01
 -0.3478566E-04, -0.7707167E-04,  0.6057038E+00
 -0.5914728E+00,  0.4835042E-03,  0.1196829E+01
  0.3485462E-03, -0.1719481E-03,  0.1788075E+01
  0.6220633E-04,  0.2355816E-04,  0.1776702E+01
  0.5833956E+00, -0.1427844E-03,  0.1194315E+01
 -0.3115369E-04, -0.7500722E-04,  0.6114583E+00
 -0.5828432E+00,  0.4621827E-03,  0.1193965E+01
  0.3343675E-03, -0.1624979E-03,  0.1776581E+01
  0.5028376E-04,  0.1393508E-04,  0.1765429E+01
  0.5749160E+00, -0.1421181E-03,  0.1191502E+01
 -0.2775326E-04, -0.7302196E-04,  0.6171013E+00
 -0.5743804E+00,  0.4418935E-03,  0.1191156E+01
  0.3208480E-03, -0.1537158E-03,  0.1765309E+01
  0.3942172E-04,  0.5322394E-05,  0.1754373E+01
  0.5665998E+00, -0.1412263E-03,  0.1188742E+01
 -0.2456835E-04, -0.7111183E-04,  0.6226355E+00
 -0.5660804E+00,  0.4225817E-03,  0.1188401E+01
  0.3079537E-03, -0.1455458E-03,  0.1754255E+01
  0.2952652E-04, -0.2377980E-05,  0.1743529E+01
  0.5584430E+00, -0.1401401E-03,  0.1186034E+01
 -0.2158422E-04, -0.6927308E-04,  0.6280636E+00
 -0.5579394E+00,  0.4041952E-03,  0.1185698E+01
  0.2956524E-03, -0.1379374E-03,  0.1743412E+01
  0.2051323E-04, -0.9254484E-05,  0.1732891E+01
  0.5504420E+00, -0.1388870E-03,  0.1183378E+01
 -0.1878731E-04, -0.6750220E-04,  0.6333879E+00
 -0.5499535E+00,  0.3866854E-03,  0.1183047E+01
  0.2839137E-03, -0.1308445E-03,  0.1732776E+01
  0.1230483E-04, -0.1538688E-04,  0.1722455E+01
  0.5425930E+00, -0.1374912E-03,  0.1180772E+01
 -0.1616510E-04, -0.6579591E-04,  0.6386111E+00
 -0.5421191E+00,  0.3700060E-03,  0.1180445E+01
  0.2727088E-03, -0.1242257E-03,  0.1722342E+01
  0.4831438E-05, -0.2084714E-04,  0.1712215E+01
  0.5348924E+00, -0.1359741E-03,  0.1178214E+01
 -0.1370602E-04, -0.6415115E-04,  0.6437356E+00
 -0.5344327E+00,  0.3541140E-03,  0.1177893E+01
  0.2620105E-03, -0.1180429E-03,  0.1712105E+01
 -0.1970432E-05, -0.2570021E-04,  0.1702169E+01
  0.5273368E+00, -0.1343548E-03,  0.1175705E+01
 -0.1139940E-04, -0.6256505E-04,  0.6487635E+00
 -0.5268907E+00,  0.3389684E-03,  0.1175388E+01
  0.2517931E-03, -0.1122618E-03,  0.1702060E+01
 -0.8158454E-05, -0.3000473E-04,  0.1692310E+01
  0.5199228E+00, -0.1326501E-03,  0.1173242E+01
 -0.9235312E-05, -0.6103492E-04,  0.6536973E+00
 -0.5194899E+00,  0.3245307E-03,  0.1172930E+01
  0.2420323E-03, -0.1068511E-03,  0.1692204E+01
 -0.1378508E-04, -0.3381366E-04,  0.1682634E+01
  0.5126471E+00, -0.1308749E-03,  0.1170824E+01
 -0.7204588E-05, -0.5955823E-04,  0.6585391E+00
 -0.5122268E+00,  0.3107646E-03,  0.1170518E+01
  0.2327051E-03, -0.1017822E-03,  0.1682530E+01
 -0.1889803E-04, -0.3717486E-04,  0.1673138E+01
  0.5055065E+00, -0.1290422E-03,  0.1168451E+01
 -0.5298704E-05, -0.5813259E-04,  0.6632910E+00
 -0.5050985E+00,  0.2976358E-03,  0.1168150E+01
  0.2237898E-03, -0.9702898E-04,  0.1673037E+01
 -0.2354076E-04, -0.4013155E-04,  0.1663817E+01
  0.4984978E+00, -0.1271638E-03,  0.1166121E+01
 -0.3509746E-05, -0.5675577E-04,  0.6679551E+00
 -0.4981016E+00,  0.2851119E-03,  0.1165826E+01
  0.2152658E-03, -0.9256781E-04,  0.1663718E+01
 -0.2775286E-04, -0.4272284E-04,  0.1654668E+01
  0.4916181E+00, -0.1252498E-03,  0.1163834E+01
 -0.1830359E-05, -0.5542565E-04,  0.6725335E+00
 -0.4912333E+00,  0.2731624E-03,  0.1163544E+01
  0.2071138E-03, -0.8837695E-04,  0.1654570E+01
 -0.3157042E-04, -0.4498408E-04,  0.1645685E+01
  0.4848644E+00, -0.1233093E-03,  0.1161589E+01
 -0.2536963E-06, -0.5414022E-04,  0.6770281E+00
 -0.4844906E+00,  0.2617584E-03,  0.1161303E+01
  0.1993154E-03, -0.8443656E-04,  0.1645590E+01
 -0.3502638E-04, -0.4694725E-04,  0.1636866E+01
  0.4782338E+00, -0.1213504E-03,  0.1159384E+01
  0.1226612E-05, -0.5289759E-04,  0.6814408E+00
 -0.4778707E+00,  0.2508725E-03,  0.1159104E+01
  0.1918532E-03, -0.8072848E-04,  0.1636773E+01
 -0.3815078E-04, -0.4864128E-04,  0.1628207E+01
  0.4717236E+00, -0.1193798E-03,  0.1157219E+01
  0.2616504E-05, -0.5169598E-04,  0.6857735E+00
 -0.4713707E+00,  0.2404790E-03,  0.1156944E+01
  0.1847107E-03, -0.7723607E-04,  0.1628116E+01
 -0.4097108E-04, -0.5009237E-04,  0.1619704E+01
  0.4653310E+00, -0.1174040E-03,  0.1155093E+01
  0.3921514E-05, -0.5053369E-04,  0.6900280E+00
 -0.4649880E+00,  0.2305534E-03,  0.1154823E+01
  0.1778724E-03, -0.7394407E-04,  0.1619615E+01
 -0.4351237E-04, -0.5132423E-04,  0.1611354E+01
  0.4590534E+00, -0.1154281E-03,  0.1153005E+01
  0.5146804E-05, -0.4940910E-04,  0.6942060E+00
 -0.4587200E+00,  0.2210725E-03,  0.1152739E+01
  0.1713236E-03, -0.7083848E-04,  0.1611267E+01
 -0.4579758E-04, -0.5235833E-04,  0.1603152E+01
  0.4528882E+00, -0.1134570E-03,  0.1150954E+01
  0.6297193E-05, -0.4832070E-04,  0.6983092E+00
 -0.4525640E+00,  0.2120147E-03,  0.1150693E+01
  0.1650504E-03, -0.6790645E-04,  0.1603068E+01
 -0.4784772E-04, -0.5321412E-04,  0.1595097E+01
  0.4468330E+00, -0.1114948E-03,  0.1148940E+01
  0.7377180E-05, -0.4726702E-04,  0.7023394E+00
 -0.4465176E+00,  0.2033591E-03,  0.1148684E+01
  0.1590395E-03, -0.6513613E-04,  0.1595014E+01
 -0.4968199E-04, -0.5390922E-04,  0.1587185E+01
  0.4408852E+00, -0.1095450E-03,  0.1146961E+01
  0.8390970E-05, -0.4624669E-04,  0.7062981E+00
 -0.4405785E+00,  0.1950861E-03,  0.1146709E+01
  0.1532784E-03, -0.6251665E-04,  0.1587104E+01
 -0.5131800E-04, -0.5445960E-04,  0.1579412E+01
  0.4350425E+00, -0.1076108E-03,  0.1145017E+01
  0.9342493E-05, -0.4525839E-04,  0.7101869E+00
 -0.4347441E+00,  0.1871773E-03,  0.1144770E+01
  0.1477554E-03, -0.6003798E-04,  0.1579333E+01
 -0.5277189E-04, -0.5487973E-04,  0.1571776E+01
  0.4293026E+00, -0.1056949E-03,  0.1143106E+01
  0.1023543E-04, -0.4430087E-04,  0.7140074E+00
 -0.4290122E+00,  0.1796150E-03,  0.1142864E+01
  0.1424592E-03, -0.5769087E-04,  0.1571698E+01
 -0.5405845E-04, -0.5518274E-04,  0.1564273E+01
  0.4236633E+00, -0.1037995E-03,  0.1141230E+01
  0.1107321E-04, -0.4337294E-04,  0.7177610E+00
 -0.4233806E+00,  0.1723826E-03,  0.1140992E+01
  0.1373792E-03, -0.5546678E-04,  0.1564197E+01
 -0.5519125E-04, -0.5538051E-04,  0.1556901E+01
  0.4181223E+00, -0.1019266E-03,  0.1139385E+01
  0.1185906E-04, -0.4247346E-04,  0.7214492E+00
 -0.4178472E+00,  0.1654642E-03,  0.1139152E+01
  0.1325053E-03, -0.5335784E-04,  0.1556827E+01
 -0.5618276E-04, -0.5548383E-04,  0.1549656E+01
  0.4126776E+00, -0.1000779E-03,  0.1137573E+01
  0.1259599E-04, -0.4160134E-04,  0.7250734E+00
 -0.4124096E+00,  0.1588450E-03,  0.1137344E+01
  0.1278280E-03, -0.5135676E-04,  0.1549584E+01
 -0.5704442E-04, -0.5550248E-04,  0.1542537E+01
  0.4073270E+00, -0.9825478E-04,  0.1135792E+01
  0.1328684E-04, -0.4075556E-04,  0.7286351E+00
 -0.4070660E+00,  0.1525107E-03,  0.1135567E+01
  0.1233382E-03, -0.4945678E-04,  0.1542467E+01
 -0.5778675E-04, -0.5544533E-04,  0.1535540E+01
  0.4020685E+00, -0.9645840E-04,  0.1134041E+01
  0.1393425E-04, -0.3993511E-04,  0.7321355E+00
 -0.4018143E+00,  0.1464479E-03,  0.1133820E+01
  0.1190273E-03, -0.4765167E-04,  0.1535471E+01
 -0.5841941E-04, -0.5532043E-04,  0.1528663E+01
  0.3969002E+00, -0.9468971E-04,  0.1132320E+01
  0.1454070E-04, -0.3913907E-04,  0.7355759E+00
 -0.3966525E+00,  0.1406438E-03,  0.1132104E+01
  0.1148871E-03, -0.4593563E-04,  0.1528596E+01
 -0.5895129E-04, -0.5513506E-04,  0.1521903E+01
  0.3918200E+00, -0.9294948E-04,  0.1130629E+01
  0.1510853E-04, -0.3836651E-04,  0.7389577E+00
 -0.3915787E+00,  0.1350863E-03,  0.1130416E+01
  0.1109100E-03, -0.4430328E-04,  0.1521837E+01
 -0.5939058E-04, -0.5489584E-04,  0.1515258E+01
  0.3868263E+00, -0.9123831E-04,  0.1128966E+01
  0.1563992E-04, -0.3761657E-04,  0.7422821E+00
 -0.3865910E+00,  0.1297639E-03,  0.1128757E+01
  0.1070886E-03, -0.4274963E-04,  0.1515194E+01
 -0.5974473E-04, -0.5460884E-04,  0.1508725E+01
  0.3819170E+00, -0.8955664E-04,  0.1127331E+01
  0.1613692E-04, -0.3688844E-04,  0.7455502E+00
 -0.3816877E+00,  0.1246657E-03,  0.1127126E+01
  0.1034158E-03, -0.4127001E-04,  0.1508662E+01
 -0.6002091E-04, -0.5427932E-04,  0.1502302E+01
  0.3770905E+00, -0.8790480E-04,  0.1125724E+01
  0.1660147E-04, -0.3618132E-04,  0.7487634E+00
 -0.3768669E+00,  0.1197813E-03,  0.1125523E+01
  0.9988538E-04, -0.3986023E-04,  0.1502240E+01
 -0.6022526E-04, -0.5391239E-04,  0.1495987E+01
  0.3723450E+00, -0.8628300E-04,  0.1124144E+01
  0.1703539E-04, -0.3549444E-04,  0.7519227E+00
 -0.3721270E+00,  0.1151009E-03,  0.1123946E+01
  0.9649062E-04, -0.3851614E-04,  0.1495926E+01
 -0.6036377E-04, -0.5351245E-04,  0.1489777E+01
  0.3676788E+00, -0.8469135E-04,  0.1122589E+01
  0.1744036E-04, -0.3482708E-04,  0.7550292E+00
 -0.3674661E+00,  0.1106151E-03,  0.1122396E+01
  0.9322569E-04, -0.3723403E-04,  0.1489718E+01
 -0.6044185E-04, -0.5308358E-04,  0.1483670E+01
  0.3630903E+00, -0.8312985E-04,  0.1121061E+01
  0.1781800E-04, -0.3417856E-04,  0.7580841E+00
 -0.3628828E+00,  0.1063150E-03,  0.1120871E+01
  0.9008492E-04, -0.3601043E-04,  0.1483612E+01
 -0.6046452E-04, -0.5262944E-04,  0.1477665E+01
  0.3585778E+00, -0.8159844E-04,  0.1119558E+01
  0.1816981E-04, -0.3354819E-04,  0.7610884E+00
 -0.3583753E+00,  0.1021923E-03,  0.1119371E+01
  0.8706290E-04, -0.3484207E-04,  0.1477608E+01
 -0.6043640E-04, -0.5215335E-04,  0.1471758E+01
  0.3541398E+00, -0.8009701E-04,  0.1118080E+01
  0.1849721E-04, -0.3293534E-04,  0.7640432E+00
 -0.3539422E+00,  0.9823890E-04,  0.1117896E+01
  0.8415449E-04, -0.3372591E-04,  0.1471702E+01
 -0.6036175E-04, -0.5165834E-04,  0.1465948E+01
  0.3497748E+00, -0.7862535E-04,  0.1116626E+01
  0.1880154E-04, -0.3233939E-04,  0.7669495E+00
 -0.3495819E+00,  0.9444713E-04,  0.1116446E+01
  0.8135481E-04, -0.3265910E-04,  0.1465894E+01
 -0.6024450E-04, -0.5114713E-04,  0.1460234E+01
  0.3454812E+00, -0.7718323E-04,  0.1115195E+01
  0.1908405E-04, -0.3175976E-04,  0.7698082E+00
 -0.3452929E+00,  0.9080978E-04,  0.1115018E+01
  0.7865920E-04, -0.3163899E-04,  0.1460180E+01
 -0.6008830E-04, -0.5062219E-04,  0.1454612E+01
  0.3412577E+00, -0.7577036E-04,  0.1113788E+01
  0.1934593E-04, -0.3119589E-04,  0.7726204E+00
 -0.3410738E+00,  0.8731995E-04,  0.1113614E+01
  0.7606324E-04, -0.3066308E-04,  0.1454560E+01
 -0.5989650E-04, -0.5008576E-04,  0.1449082E+01
  0.3371027E+00, -0.7438641E-04,  0.1112404E+01
  0.1958829E-04, -0.3064722E-04,  0.7753869E+00
 -0.3369231E+00,  0.8397108E-04,  0.1112233E+01
  0.7356271E-04, -0.2972905E-04,  0.1449030E+01
 -0.5967219E-04, -0.4953985E-04,  0.1443640E+01
  0.3330149E+00, -0.7303103E-04,  0.1111042E+01
  0.1981220E-04, -0.3011324E-04,  0.7781088E+00
 -0.3328394E+00,  0.8075691E-04,  0.1110874E+01
  0.7115360E-04, -0.2883469E-04,  0.1443590E+01
 -0.5941826E-04, -0.4898629E-04,  0.1438287E+01
  0.3289929E+00, -0.7170382E-04,  0.1109702E+01
  0.2001863E-04, -0.2959345E-04,  0.7807869E+00
 -0.3288215E+00,  0.7767153E-04,  0.1109537E+01
  0.6883210E-04, -0.2797797E-04,  0.1438237E+01
 -0.5913735E-04, -0.4842671E-04,  0.1433019E+01
  0.3250355E+00, -0.7040439E-04,  0.1108383E+01
  0.2020852E-04, -0.2908737E-04,  0.7834220E+00
 -0.3248680E+00,  0.7470925E-04,  0.1108222E+01
  0.6659455E-04, -0.2715695E-04,  0.1432970E+01
 -0.5883190E-04, -0.4786261E-04,  0.1427835E+01
  0.3211413E+00, -0.6913229E-04,  0.1107086E+01
  0.2038277E-04, -0.2859453E-04,  0.7860151E+00
 -0.3209776E+00,  0.7186472E-04,  0.1106927E+01
  0.6443749E-04, -0.2636982E-04,  0.1427787E+01
 -0.5850420E-04, -0.4729532E-04,  0.1422734E+01
  0.3173091E+00, -0.6788709E-04,  0.1105809E+01
  0.2054220E-04, -0.2811449E-04,  0.7885670E+00
 -0.3171491E+00,  0.6913279E-04,  0.1105653E+01
  0.6235760E-04, -0.2561489E-04,  0.1422687E+01
 -0.5815632E-04, -0.4672604E-04,  0.1417713E+01
  0.3135376E+00, -0.6666832E-04,  0.1104552E+01
  0.2068759E-04, -0.2764683E-04,  0.7910785E+00
 -0.3133812E+00,  0.6650858E-04,  0.1104398E+01
  0.6035173E-04, -0.2489055E-04,  0.1417667E+01
 -0.5779021E-04, -0.4615585E-04,  0.1412772E+01
  0.3098257E+00, -0.6547551E-04,  0.1103315E+01
  0.2081970E-04, -0.2719114E-04,  0.7935503E+00
 -0.3096728E+00,  0.6398745E-04,  0.1103164E+01
  0.5841688E-04, -0.2419530E-04,  0.1412726E+01
 -0.5740767E-04, -0.4558572E-04,  0.1407908E+01
  0.3061722E+00, -0.6430819E-04,  0.1102097E+01
  0.2093923E-04, -0.2674702E-04,  0.7959833E+00
 -0.3060226E+00,  0.6156497E-04,  0.1101949E+01
  0.5655017E-04, -0.2352771E-04,  0.1407863E+01
 -0.5701034E-04, -0.4501653E-04,  0.1403120E+01
  0.3025759E+00, -0.6316587E-04,  0.1100899E+01
  0.2104683E-04, -0.2631409E-04,  0.7983782E+00
 -0.3024295E+00,  0.5923690E-04,  0.1100753E+01
  0.5474885E-04, -0.2288645E-04,  0.1403076E+01
 -0.5659977E-04, -0.4444904E-04,  0.1398407E+01
  0.2990357E+00, -0.6204806E-04,  0.1099719E+01
  0.2114315E-04, -0.2589199E-04,  0.8007358E+00
 -0.2988925E+00,  0.5699922E-04,  0.1099576E+01
  0.5301033E-04, -0.2227026E-04,  0.1398364E+01
 -0.5617737E-04, -0.4388396E-04,  0.1393767E+01
  0.2955505E+00, -0.6095428E-04,  0.1098558E+01
  0.2122876E-04, -0.2548037E-04,  0.8030568E+00
 -0.2954104E+00,  0.5484810E-04,  0.1098417E+01
  0.5133209E-04, -0.2167795E-04,  0.1393725E+01
 -0.5574446E-04, -0.4332189E-04,  0.1389199E+01
  0.2921193E+00, -0.5988403E-04,  0.1097414E+01
  0.2130423E-04, -0.2507888E-04,  0.8053419E+00
 -0.2919822E+00,  0.5277988E-04,  0.1097275E+01
  0.4971176E-04, -0.2110839E-04,  0.1389157E+01
 -0.5530225E-04, -0.4276340E-04,  0.1384701E+01
  0.2887410E+00, -0.5883683E-04,  0.1096288E+01
  0.2137010E-04, -0.2468721E-04,  0.8075918E+00
 -0.2886069E+00,  0.5079105E-04,  0.1096152E+01
  0.4814706E-04, -0.2056052E-04,  0.1384660E+01
 -0.5485186E-04, -0.4220895E-04,  0.1380272E+01
  0.2854147E+00, -0.5781219E-04,  0.1095179E+01
  0.2142687E-04, -0.2430504E-04,  0.8098071E+00
 -0.2852833E+00,  0.4887830E-04,  0.1095045E+01
  0.4663580E-04, -0.2003334E-04,  0.1380232E+01
 -0.5439434E-04, -0.4165899E-04,  0.1375911E+01
  0.2821392E+00, -0.5680962E-04,  0.1094088E+01
  0.2147501E-04, -0.2393207E-04,  0.8119886E+00
 -0.2820106E+00,  0.4703845E-04,  0.1093956E+01
  0.4517592E-04, -0.1952590E-04,  0.1375872E+01
 -0.5393065E-04, -0.4111389E-04,  0.1371617E+01
  0.2789137E+00, -0.5582865E-04,  0.1093012E+01
  0.2151497E-04, -0.2356801E-04,  0.8141369E+00
 -0.2787877E+00,  0.4526847E-04,  0.1092883E+01
  0.4376541E-04, -0.1903730E-04,  0.1371578E+01
 -0.5346167E-04, -0.4057397E-04,  0.1367387E+01
  0.2757371E+00, -0.5486881E-04,  0.1091954E+01
  0.2154718E-04, -0.2321258E-04,  0.8162525E+00
 -0.2756138E+00,  0.4356545E-04,  0.1091826E+01
  0.4240239E-04, -0.1856669E-04,  0.1367349E+01
 -0.5298822E-04, -0.4003954E-04,  0.1363222E+01
  0.2726086E+00, -0.5392962E-04,  0.1090911E+01
  0.2157205E-04, -0.2286551E-04,  0.8183362E+00
 -0.2724879E+00,  0.4192664E-04,  0.1090785E+01
  0.4108503E-04, -0.1811327E-04,  0.1363184E+01
 -0.5251108E-04, -0.3951082E-04,  0.1359119E+01
  0.2695273E+00, -0.5301061E-04,  0.1089884E+01
  0.2158995E-04, -0.2252654E-04,  0.8203884E+00
 -0.2694090E+00,  0.4034940E-04,  0.1089760E+01
  0.3981160E-04, -0.1767627E-04,  0.1359081E+01
 -0.5203093E-04, -0.3898805E-04,  0.1355078E+01
  0.2664923E+00, -0.5211134E-04,  0.1088872E+01
  0.2160126E-04, -0.2219542E-04,  0.8224099E+00
 -0.2663764E+00,  0.3883121E-04,  0.1088750E+01
  0.3858042E-04, -0.1725497E-04,  0.1355041E+01
 -0.5154842E-04, -0.3847139E-04,  0.1351097E+01
  0.2635027E+00, -0.5123135E-04,  0.1087875E+01
  0.2160632E-04, -0.2187191E-04,  0.8244012E+00
 -0.2633891E+00,  0.3736967E-04,  0.1087756E+01
  0.3738991E-04, -0.1684868E-04,  0.1351060E+01
 -0.5106416E-04, -0.3796100E-04,  0.1347175E+01
  0.2605576E+00, -0.5037020E-04,  0.1086893E+01
  0.2160545E-04, -0.2155578E-04,  0.8263628E+00
 -0.2604463E+00,  0.3596247E-04,  0.1086776E+01
  0.3623854E-04, -0.1645676E-04,  0.1347139E+01
 -0.5057869E-04, -0.3745700E-04,  0.1343312E+01
  0.2576563E+00, -0.4952745E-04,  0.1085926E+01
  0.2159896E-04, -0.2124681E-04,  0.8282953E+00
 -0.2575471E+00,  0.3460742E-04,  0.1085811E+01
  0.3512485E-04, -0.1607858E-04,  0.1343276E+01
 -0.5009253E-04, -0.3695950E-04,  0.1339505E+01
  0.2547979E+00, -0.4870268E-04,  0.1084973E+01
  0.2158716E-04, -0.2094477E-04,  0.8301993E+00
 -0.2546909E+00,  0.3330241E-04,  0.1084860E+01
  0.3404744E-04, -0.1571355E-04,  0.1339471E+01
 -0.4960614E-04, -0.3646858E-04,  0.1335755E+01
  0.2519816E+00, -0.4789546E-04,  0.1084034E+01
  0.2157031E-04, -0.2064947E-04,  0.8320752E+00
 -0.2518767E+00,  0.3204545E-04,  0.1083922E+01
  0.3300497E-04, -0.1536113E-04,  0.1335721E+01
 -0.4911996E-04, -0.3598430E-04,  0.1332060E+01
  0.2492067E+00, -0.4710539E-04,  0.1083109E+01
  0.2154868E-04, -0.2036069E-04,  0.8339235E+00
 -0.2491038E+00,  0.3083461E-04,  0.1082999E+01
  0.3199616E-04, -0.1502077E-04,  0.1332026E+01
 -0.4863439E-04, -0.3550670E-04,  0.1328419E+01
  0.2464723E+00, -0.4633205E-04,  0.1082198E+01
  0.2152253E-04, -0.2007825E-04,  0.8357449E+00
 -0.2463715E+00,  0.2966805E-04,  0.1082089E+01
  0.3101978E-04, -0.1469197E-04,  0.1328385E+01
 -0.4814978E-04, -0.3503580E-04,  0.1324830E+01
  0.2437779E+00, -0.4557507E-04,  0.1081299E+01
  0.2149210E-04, -0.1980196E-04,  0.8375397E+00
 -0.2436790E+00,  0.2854402E-04,  0.1081193E+01
  0.3007465E-04, -0.1437425E-04,  0.1324798E+01
 -0.4766648E-04, -0.3457164E-04,  0.1321294E+01
  0.2411226E+00, -0.4483404E-04,  0.1080414E+01
  0.2145761E-04, -0.1953164E-04,  0.8393085E+00
 -0.2410255E+00,  0.2746085E-04,  0.1080309E+01
  0.2915963E-04, -0.1406716E-04,  0.1321262E+01
 -0.4718480E-04, -0.3411419E-04,  0.1317809E+01
  0.2385057E+00, -0.4410859E-04,  0.1079542E+01
  0.2141928E-04, -0.1926711E-04,  0.8410516E+00
 -0.2384105E+00,  0.2641692E-04,  0.1079438E+01
  0.2827365E-04, -0.1377026E-04,  0.1317777E+01
 -0.4670502E-04, -0.3366346E-04,  0.1314374E+01
  0.2359266E+00, -0.4339835E-04,  0.1078682E+01
  0.2137732E-04, -0.1900821E-04,  0.8427697E+00
 -0.2358332E+00,  0.2541069E-04,  0.1078580E+01
  0.2741567E-04, -0.1348313E-04,  0.1314343E+01
 -0.4622739E-04, -0.3321942E-04,  0.1310989E+01
  0.2333845E+00, -0.4270296E-04,  0.1077834E+01
  0.2133191E-04, -0.1875477E-04,  0.8444631E+00
 -0.2332928E+00,  0.2444071E-04,  0.1077734E+01
  0.2658467E-04, -0.1320539E-04,  0.1310958E+01
 -0.4575216E-04, -0.3278204E-04,  0.1307652E+01
  0.2308788E+00, -0.4202207E-04,  0.1076999E+01
  0.2128325E-04, -0.1850665E-04,  0.8461323E+00
 -0.2307888E+00,  0.2350555E-04,  0.1076900E+01
  0.2577971E-04, -0.1293665E-04,  0.1307621E+01
 -0.4527955E-04, -0.3235129E-04,  0.1304363E+01
  0.2284089E+00, -0.4135532E-04,  0.1076175E+01
  0.2123151E-04, -0.1826368E-04,  0.8477777E+00
 -0.2283206E+00,  0.2260387E-04,  0.1076078E+01
  0.2499988E-04, -0.1267655E-04,  0.1304332E+01
 -0.4480974E-04, -0.3192712E-04,  0.1301120E+01
  0.2259741E+00, -0.4070238E-04,  0.1075364E+01
  0.2117686E-04, -0.1802572E-04,  0.8493997E+00
 -0.2258874E+00,  0.2173437E-04,  0.1075267E+01
  0.2424427E-04, -0.1242475E-04,  0.1301090E+01
 -0.4434292E-04, -0.3150947E-04,  0.1297923E+01
  0.2235737E+00, -0.4006292E-04,  0.1074563E+01
  0.2111947E-04, -0.1779263E-04,  0.8509987E+00
 -0.2234886E+00,  0.2089583E-04,  0.1074468E+01
  0.2351205E-04, -0.1218093E-04,  0.1297894E+01
 -0.4387926E-04, -0.3109829E-04,  0.1294771E+01
  0.2212073E+00, -0.3943662E-04,  0.1073774E+01
  0.2105947E-04, -0.1756427E-04,  0.8525752E+00
 -0.2211237E+00,  0.2008705E-04,  0.1073681E+01
  0.2280241E-04, -0.1194477E-04,  0.1294742E+01
 -0.4341889E-04, -0.3069352E-04,  0.1291664E+01
  0.2188741E+00, -0.3882316E-04,  0.1072996E+01
  0.2099702E-04, -0.1734051E-04,  0.8541295E+00
 -0.2187920E+00,  0.1930690E-04,  0.1072904E+01
  0.2211456E-04, -0.1171598E-04,  0.1291635E+01
 -0.4296196E-04, -0.3029509E-04,  0.1288600E+01
  0.2165737E+00, -0.3822224E-04,  0.1072229E+01
  0.2093226E-04, -0.1712123E-04,  0.8556621E+00
 -0.2164930E+00,  0.1855429E-04,  0.1072138E+01
  0.2144774E-04, -0.1149427E-04,  0.1288572E+01
 -0.4250858E-04, -0.2990293E-04,  0.1285579E+01
  0.2143053E+00, -0.3763355E-04,  0.1071473E+01
  0.2086532E-04, -0.1690631E-04,  0.8571732E+00
 -0.2142261E+00,  0.1782818E-04,  0.1071383E+01
  0.2080125E-04, -0.1127937E-04,  0.1285551E+01
 -0.4205887E-04, -0.2951697E-04,  0.1282599E+01
  0.2120686E+00, -0.3705682E-04,  0.1070727E+01
  0.2079632E-04, -0.1669561E-04,  0.8586634E+00
 -0.2119908E+00,  0.1712757E-04,  0.1070639E+01
  0.2017437E-04, -0.1107101E-04,  0.1282572E+01
 -0.4161290E-04, -0.2913712E-04,  0.1279662E+01
  0.2098628E+00, -0.3649175E-04,  0.1069991E+01
  0.2072538E-04, -0.1648903E-04,  0.8601329E+00
 -0.2097864E+00,  0.1645150E-04,  0.1069905E+01
  0.1956646E-04, -0.1086896E-04,  0.1279634E+01
 -0.4117079E-04, -0.2876332E-04,  0.1276764E+01
  0.2076876E+00, -0.3593806E-04,  0.1069266E+01
  0.2065261E-04, -0.1628646E-04,  0.8615821E+00
 -0.2076125E+00,  0.1579904E-04,  0.1069180E+01
  0.1897686E-04, -0.1067296E-04,  0.1276737E+01
 -0.4073259E-04, -0.2839547E-04,  0.1273907E+01
  0.2055423E+00, -0.3539547E-04,  0.1068551E+01
  0.2057813E-04, -0.1608779E-04,  0.8630113E+00
 -0.2054685E+00,  0.1516933E-04,  0.1068466E+01
  0.1840495E-04, -0.1048281E-04,  0.1273880E+01
 -0.4029837E-04, -0.2803350E-04,  0.1271089E+01
  0.2034265E+00, -0.3486374E-04,  0.1067845E+01
  0.2050203E-04, -0.1589291E-04,  0.8644209E+00
 -0.2033540E+00,  0.1456152E-04,  0.1067762E+01
  0.1785015E-04, -0.1029827E-04,  0.1271062E+01
 -0.3986820E-04, -0.2767733E-04,  0.1268309E+01
  0.2013396E+00, -0.3434260E-04,  0.1067149E+01
  0.2042441E-04, -0.1570173E-04,  0.8658113E+00
 -0.2012683E+00,  0.1397478E-04,  0.1067067E+01
  0.1731188E-04, -0.1011914E-04,  0.1268283E+01
 -0.3944211E-04, -0.2732686E-04,  0.1265567E+01
  0.1992812E+00, -0.3383180E-04,  0.1066463E+01
  0.2034538E-04, -0.1551415E-04,  0.8671827E+00
 -0.1992111E+00,  0.1340836E-04,  0.1066382E+01
  0.1678960E-04, -0.9945221E-05,  0.1265541E+01
 -0.3902016E-04, -0.2698201E-04,  0.1262862E+01
  0.1972507E+00, -0.3333110E-04,  0.1065786E+01
  0.2026501E-04, -0.1533007E-04,  0.8685355E+00
 -0.1971818E+00,  0.1286148E-04,  0.1065706E+01
  0.1628277E-04, -0.9776322E-05,  0.1262837E+01
 -0.3860238E-04, -0.2664269E-04,  0.1260194E+01
  0.1952477E+00, -0.3284026E-04,  0.1065118E+01
  0.2018339E-04, -0.1514940E-04,  0.8698700E+00
 -0.1951800E+00,  0.1233345E-04,  0.1065039E+01
  0.1579088E-04, -0.9612259E-05,  0.1260169E+01
 -0.3818880E-04, -0.2630883E-04,  0.1257562E+01
  0.1932718E+00, -0.3235904E-04,  0.1064459E+01
  0.2010061E-04, -0.1497206E-04,  0.8711865E+00
 -0.1932052E+00,  0.1182358E-04,  0.1064381E+01
  0.1531345E-04, -0.9452859E-05,  0.1257538E+01
 -0.3777944E-04, -0.2598033E-04,  0.1254966E+01
  0.1913224E+00, -0.3188723E-04,  0.1063809E+01
  0.2001673E-04, -0.1479795E-04,  0.8724853E+00
 -0.1912569E+00,  0.1133119E-04,  0.1063732E+01
  0.1485000E-04, -0.9297953E-05,  0.1254941E+01
 -0.3737432E-04, -0.2565710E-04,  0.1252404E+01
  0.1893992E+00, -0.3142459E-04,  0.1063168E+01
  0.1993185E-04, -0.1462700E-04,  0.8737667E+00
 -0.1893348E+00,  0.1085566E-04,  0.1063092E+01
  0.1440008E-04, -0.9147379E-05,  0.1252380E+01
 -0.3697345E-04, -0.2533906E-04,  0.1249876E+01
  0.1875017E+00, -0.3097093E-04,  0.1062535E+01
  0.1984601E-04, -0.1445912E-04,  0.8750310E+00
 -0.1874383E+00,  0.1039638E-04,  0.1062460E+01
  0.1396325E-04, -0.9000984E-05,  0.1249852E+01
 -0.3657684E-04, -0.2502612E-04,  0.1247382E+01
  0.1856294E+00, -0.3052601E-04,  0.1061911E+01
  0.1975930E-04, -0.1429425E-04,  0.8762784E+00
 -0.1855671E+00,  0.9952757E-05,  0.1061837E+01
  0.1353908E-04, -0.8858620E-05,  0.1247359E+01
 -0.3618449E-04, -0.2471819E-04,  0.1244921E+01
  0.1837820E+00, -0.3008965E-04,  0.1061294E+01
  0.1967178E-04, -0.1413230E-04,  0.8775094E+00
 -0.1837207E+00,  0.9524236E-05,  0.1061222E+01
  0.1312717E-04, -0.8720145E-05,  0.1244898E+01
