MACHINE: SPHERE TEST
DATE: 12-Sep-2023
649 2625 1
    1.4678173782E-14     2.6868216885E-14    -5.0000000000E+02
    1.4678173782E-14     2.6868216885E-14     5.0000000000E+02
    4.6765641355E+01     8.5603932297E+01     4.9039264020E+02
    9.1734105338E+01     1.6791815348E+02     4.6193976626E+02
    1.3317727910E+02     2.4377937420E+02     4.1573480615E+02
    1.6950252471E+02     3.1027229028E+02     3.5355339059E+02
    1.9931388336E+02     3.6484161625E+02     2.7778511651E+02
    2.2146572124E+02     4.0539028351E+02     1.9134171618E+02
    2.3510675566E+02     4.3036002952E+02     9.7545161008E+01
    2.3971276930E+02     4.3879128095E+02     2.0596337843E-12
    2.3510675566E+02     4.3036002952E+02    -9.7545161008E+01
    2.2146572124E+02     4.0539028351E+02    -1.9134171618E+02
    1.9931388336E+02     3.6484161625E+02    -2.7778511651E+02
    1.6950252471E+02     3.1027229028E+02    -3.5355339059E+02
    1.3317727910E+02     2.4377937420E+02    -4.1573480615E+02
    9.1734105338E+01     1.6791815348E+02    -4.6193976626E+02
    4.6765641355E+01     8.5603932297E+01    -4.9039264020E+02
   -4.6765641355E+01    -8.5603932297E+01     4.9039264020E+02
   -9.1734105338E+01    -1.6791815348E+02     4.6193976626E+02
   -1.3317727910E+02    -2.4377937420E+02     4.1573480615E+02
   -1.6950252471E+02    -3.1027229028E+02     3.5355339059E+02
   -1.9931388336E+02    -3.6484161625E+02     2.7778511651E+02
   -2.2146572124E+02    -4.0539028351E+02     1.9134171618E+02
   -2.3510675566E+02    -4.3036002952E+02     9.7545161008E+01
   -2.3971276930E+02    -4.3879128095E+02     2.0596337843E-12
   -2.3510675566E+02    -4.3036002952E+02    -9.7545161008E+01
   -2.2146572124E+02    -4.0539028351E+02    -1.9134171618E+02
   -1.9931388336E+02    -3.6484161625E+02    -2.7778511651E+02
   -1.6950252471E+02    -3.1027229028E+02    -3.5355339059E+02
   -1.3317727910E+02    -2.4377937420E+02    -4.1573480615E+02
   -9.1734105338E+01    -1.6791815348E+02    -4.6193976626E+02
   -4.6765641355E+01    -8.5603932297E+01    -4.9039264020E+02
    8.6523286943E+01    -3.9230908404E+01     4.9089169543E+02
    1.8573816166E+02     1.6322156877E+02     4.3458032030E+02
    3.0440953689E+02     3.9353285403E+02    -4.9666151907E+01
    2.2424517288E+02     2.3370817998E+02    -3.8091283655E+02
   -1.5112772934E+02    -4.7433858254E+02     4.6511488180E+01
   -1.0550735123E+02    -3.7860617079E+02    -3.0907210531E+02
   -7.5498468377E+01    -3.1496887501E+02     3.8091283655E+02
    5.7952412143E+00    -1.6616173773E+02    -4.7154712606E+02
    2.7768044681E+02     3.4686323988E+02     2.2930212009E+02
    1.4295146329E+02     8.4901042713E+01    -4.7154712605E+02
   -1.3507481635E+02    -4.2647135268E+02     2.2333154575E+02
    2.8272225638E+02     3.4074976332E+02    -2.3228802067E+02
    5.7952412187E+00    -1.6616173774E+02     4.7154712605E+02
   -1.5409464091E+02    -4.5390070145E+02    -1.4222867103E+02
    1.2206592655E+02     2.7742178159E+01     4.8407673062E+02
   -3.8728212744E+01    -2.3613328633E+02    -4.3902300238E+02
   -6.9273036383E+01    -3.1804554823E+02    -3.7953692269E+02
   -8.3351034528E+00    -3.7236208303E+02    -3.3358208161E+02
    5.4721659717E+01    -2.4289048079E+02    -4.3360091593E+02
    1.0393892606E+02    -1.6279858654E+02    -4.6118686004E+02
   -4.3295852470E+01    -4.2607223343E+02    -2.5804635448E+02
    5.0680491205E+01    -8.1443106286E+01    -4.9071224587E+02
    1.4653764069E+02    -7.2867891970E+01    -4.7245845339E+02
   -1.0803452690E+02    -3.8345858736E+02     3.0213912818E+02
    2.9972613196E+02     3.7470025319E+02    -1.4058437353E+02
    3.5486215899E+02     3.0430663667E+02    -1.7739875702E+02
    5.3607478875E+01    -4.1652194957E+02    -2.7135899421E+02
    1.9570155942E+02    -1.4906520269E+02    -4.3529353888E+02
    2.3672973374E+02    -6.0057918261E+01    -4.3629357045E+02
    2.8480176317E+02    -1.3500358442E+02    -3.8815201647E+02
    3.2092225343E+02    -4.3476789567E+01    -3.8094445267E+02
    3.3446911585E+02     2.6297952827E+02    -2.6262554761E+02
    3.9921144801E+02     2.2115018785E+02    -2.0426163171E+02
    3.5861766314E+02    -1.1588974464E+02    -3.2857714281E+02
    3.1466633275E+02    -2.0427672834E+02    -3.3053913126E+02
    3.8331032337E+02    -1.8273718237E+02    -2.6397029791E+02
    3.3434528317E+02    -2.6745327656E+02    -2.5822853537E+02
    3.9452364342E+02    -2.4408049993E+02    -1.8648271860E+02
   -1.2530347063E+01    -3.7616627389E+02     3.2915334541E+02
    3.3997755345E+02    -3.2132514338E+02    -1.7653729176E+02
    3.9452022848E+02    -2.8995832809E+02    -1.0138026085E+02
    3.3191467890E+02    -3.6354839049E+02    -8.7551206193E+01
    3.7884650394E+02    -3.2609834750E+02    -1.1627304612E+01
    4.3451951789E+02    -2.4627353218E+02    -2.3283812464E+01
    4.1116264971E+02    -2.7671830403E+02     6.6123034551E+01
    4.5842712416E+02    -1.9196171219E+02     5.4729086281E+01
    4.2642979940E+02    -2.1800156241E+02     1.4364172434E+02
    4.6531762868E+02    -1.2912517687E+02     1.2963870231E+02
    4.2466985758E+02    -1.5179770452E+02     2.1590036814E+02
    3.0897817776E+02    -3.9309982525E+02     2.2389850312E+00
    4.5492431294E+02    -6.0196210686E+01     1.9854542482E+02
    3.7752588796E+02    -2.3708683136E+02     2.2641563179E+02
    4.8664522506E+02    -3.5687160213E+01     1.0910019030E+02
    3.6861131928E+02    -1.6780812342E+02     2.9319981073E+02
    4.6711816078E+02     3.4171928027E+01     1.7502257913E+02
    4.2099325324E+02    -9.0492525714E+01    -2.5411765684E+02
    3.1360836857E+02    -2.4847876406E+02     2.9984678583E+02
    4.8857777923E+02     7.0791911146E+01     7.9248084867E+01
    4.2702226966E+02     9.3947187338E+00     2.5993022232E+02
    2.9745485432E+02    -1.7447106184E+02     3.6205035315E+02
    4.1376666232E+02     2.5681467489E+02    -1.1332860148E+02
    2.2555868663E+01    -4.6021084307E+02    -1.9415770063E+02
    4.9948233267E+02    -9.9652688852E+00     2.0447316947E+01
    4.5651647950E+02     1.3371972206E+02     1.5398616782E+02
    2.3715136859E+02    -2.5173640017E+02     3.6109280414E+02
    2.4796220687E+02    -3.2089173691E+02     2.9247775496E+02
    2.6478764892E+02    -2.8524107131E+02    -3.1388697363E+02
    2.5708840287E+02    -4.2300979942E+02    -7.0485904302E+01
    2.2745701480E+02    -4.4491809939E+02     1.7640613699E+01
    4.4969849099E+02     1.6947301814E+02    -1.3802232908E+02
    3.7074831489E+02     1.7526231252E+02    -2.8605735233E+02
    2.2187323187E+02    -1.7932993538E+02     4.1062518585E+02
    2.7113638924E+02    -9.2952482824E+01     4.0968877745E+02
    2.7525293948E+02    -4.0745845361E+02     9.0627964171E+01
    1.8873242612E+02    -4.5183921302E+02     1.0110092437E+02
    1.3646150471E+02    -4.8015699881E+02     2.8766546949E+01
    9.4740183723E+01    -4.7695203217E+02     1.1636604572E+02
    4.0177942672E+01    -4.9684107408E+02     3.9174992411E+01
    4.5539313143E+02     2.0142077666E+02    -4.5241204418E+01
    1.5368329871E+02    -2.4776770530E+02     4.0619282110E+02
    1.6066325459E+02    -4.3421203732E+02     1.8880472788E+02
    1.1766341216E+02    -4.4112457264E+02    -2.0387357075E+02
    9.4032125062E+01    -3.5871172170E+02    -3.3538613593E+02
    1.4843190441E+02    -2.3291088737E+02    -4.1679789862E+02
    4.7445410642E+02    -1.5493468735E+02    -2.9808447788E+01
   -2.2469242394E+00    -4.8338532900E+02     1.2780287572E+02
    1.2621551397E+02    -1.6451407643E+02     4.5497776065E+02
    4.1217598217E+02     2.8234061496E+02    -1.9867985943E+01
    2.7104329049E+02     3.1417420526E+01    -4.1898505984E+02
    6.9163641808E+01    -4.9299212402E+02    -4.6638570967E+01
   -1.9089385794E+01    -4.9837473026E+02    -3.5471447551E+01
    3.4275033533E+02     5.4941496939E+01    -3.5986614115E+02
    4.8229958297E+02     1.1296426852E+02    -6.8016073873E+01
    4.6834605420E+02     7.5349687568E+01    -1.5803290194E+02
    2.0759971174E+01    -3.0521060345E+02     3.9549400898E+02
    8.8028262956E+01    -3.6661298567E+02     3.2839906159E+02
    4.4401418911E+02     2.2569355396E+02     4.3747223596E+01
    3.9096651005E+02     3.0272785070E+02     7.4168972139E+01
    4.2369062749E+02     2.2737274772E+02     1.3706890884E+02
    4.1545129402E+01    -4.1813447087E+02     2.7099366505E+02
    2.8026646406E+02     1.3445775304E+02    -3.9162714636E+02
    4.9490086363E+02     1.0333225352E+01    -7.0472403305E+01
    4.7154434044E+02    -2.9152569427E+01    -1.6369502953E+02
    4.3694422951E+02     3.5438634601E+01    -2.4046588838E+02
    4.5623108952E+02    -1.2007894065E+02    -1.6563284991E+02
    3.5053206780E+02     3.1389625797E+02     1.6910472696E+02
    3.7368528971E+02     2.3931818638E+02     2.3040423156E+02
    2.9767696204E+02     2.6128705633E+02     3.0515160243E+02
    3.2270032570E+02     3.6996939211E+02     9.4800573291E+01
   -4.1567463060E+01    -2.4133772399E+02     4.3592229697E+02
    1.9099291819E+02     1.6690579421E+02    -4.3088764320E+02
   -1.5506849312E+02    -4.5460965812E+02     1.3886619886E+02
    5.1161140885E+01    -8.1405249440E+01     4.9066864891E+02
    1.4548361050E+02    -7.1726790818E+01     4.7295854634E+02
    2.1186157364E+02    -7.4461031363E-01     4.5289526291E+02
    2.5941811166E+02     2.9403351476E+02    -3.1023625762E+02
   -1.6268576991E+02    -4.7022067498E+02    -4.9252990665E+01
    2.3160040163E+02     2.4073746169E+02     3.7203054781E+02
    2.7017654377E+02     1.5373702928E+02     3.9162426001E+02
    2.3795066085E+02     8.2378524134E+01     4.3196442187E+02
    3.1279151130E+02     6.5952385881E+01     3.8446294133E+02
    3.4657626609E+02     1.4119494137E+02     3.3158540426E+02
   -1.3492870813E+02    -4.2435385111E+02    -2.2741603455E+02
    3.9012996194E+02    -1.2624931476E+01    -3.1247275706E+02
    4.2748276832E+02     1.2998109669E+02    -2.2441790769E+02
    2.4308290637E+02    -2.2367369463E+02    -3.7534088368E+02
    4.7891518749E+02     1.4281353261E+02     1.5637713933E+01
    2.7577948091E+02    -3.4128295441E+02    -2.3973239859E+02
    1.9462698468E+02    -3.5319892900E+02    -2.9558561092E+02
    2.0367965160E+02    -4.0105823406E+02    -2.1832748892E+02
    4.4574204204E+02    -1.9603773956E+02    -1.1350434630E+02
    3.7260546049E+02    -2.9691456912E+02     1.5168028698E+02
    3.4916557497E+02    -3.4958071571E+02     7.6659796914E+01
    3.1770603563E+02    -3.1140336748E+02     2.2823412902E+02
    2.4548724313E+02    -3.7774186866E+02     2.1690342118E+02
    1.7216406448E+02    -3.8030627384E+02     2.7518479788E+02
    4.8777379951E+02    -1.0063868472E+02     4.4142673805E+01
    4.0570922596E+02    -8.3965058582E+01     2.7991050874E+02
    3.6916540056E+02    -1.3135196713E+01     3.3696346038E+02
    5.8923148691E+01    -4.5415637311E+02     2.0067399262E+02
   -3.3920470567E+01    -4.4107419027E+02     2.3302995591E+02
   -5.4812852087E+01    -4.9506489817E+02     4.3661170863E+01
    1.6400995220E+02    -4.6889120667E+02    -5.6936560166E+01
    4.3276916263E+02     1.0070906289E+02     2.2927829494E+02
    3.4429693506E+02    -9.5838204363E+01     3.4967793624E+02
    1.7057345531E+02    -3.1645545052E+02     3.4750632250E+02
    9.7529346557E+01     1.7564157421E+00    -4.9039264020E+02
    4.8173496352E+02    -9.5190704362E+01    -9.4181498825E+01
    6.7010487808E+01    -2.3838985109E+02     4.3437296580E+02
    3.0552421133E+02     2.0581143535E+02    -3.3807781556E+02
    3.6402525965E+02     3.3268655571E+02    -8.2494036070E+01
    3.9238491752E+02     9.0300441399E+01    -2.9644545331E+02
    2.7295799235E+02    -3.8896714052E+02    -1.5555866421E+02
    2.4979362145E+01    -3.1561466920E+02    -3.8699278037E+02
   -6.7858190637E+01    -4.6219716217E+02    -1.7823874226E+02
    1.7999934504E+02    -2.9541076888E+02    -3.6101622320E+02
    1.9247550376E+02     1.4055970208E+01    -4.6125438768E+02
   -8.2757857798E+01    -4.8332781486E+02    -9.7700360036E+01
    3.0451800565E+02    -3.6582745292E+02     1.5309820025E+02
    1.8614969562E+02    -4.4237310374E+02    -1.4019389397E+02
    3.8679328063E+02     7.2855059188E+01     3.0835547410E+02
    2.9833006021E+02    -2.8203529162E+01     4.0025458913E+02
    3.5592083032E+02     3.5108763636E+02     7.6048762437E+00
    9.4609707518E+01    -4.7431542737E+02    -1.2678280090E+02
   -7.6104617588E+01    -4.6491354477E+02     1.6752158988E+02
    4.2014115689E+02     1.7742258618E+02     2.0494544200E+02
    1.3435380567E+02    -4.0167534479E+02    -2.6571784337E+02
    2.7158530783E+00    -4.8692581983E+02    -1.1355998471E+02
    1.5906267583E+02     1.0156755296E+02     4.6301522366E+02
    9.8619296780E+01    -2.9724740213E+02    -3.8976687421E+02
    2.2083091899E+02     9.4393675461E+01    -4.3854707758E+02
    4.9562822876E+02     6.5922929601E+01    -2.6127019008E+00
    3.7542863301E+02     1.7501510843E+02     2.8004116364E+02
   -9.5277052171E+01    -4.9048691339E+02    -1.8570706161E+01
    2.4651974557E+02     3.0887767516E+02     3.0630474504E+02
    2.8639317098E+02     3.7547755303E+02     1.6430325252E+02
    1.0159100961E+02    -3.0411872362E+02     3.8365488230E+02
    2.9555588291E+02     4.0217155492E+02     3.0079236849E+01
    2.0253875695E+02    -1.0253180344E+02     4.4549442333E+02
    3.4203072763E+02     1.3577530777E+02    -3.3849674615E+02
    3.0338435614E+02     1.9775637579E+02     3.4474678865E+02
    2.3387004247E+02    -4.1480142561E+02     1.5246173469E+02
    4.2303727105E+02    -1.7282748052E+02    -2.0290423672E+02
   -8.9018756391E+01    -4.8066504633E+02     1.0505605286E+02
    4.6498904532E+02     1.6238615484E+02     8.6115761886E+01
    2.7122961437E+02     2.6413464923E+01     4.1920976272E+02
    3.1691350664E+02     2.9595087566E+02     2.4895563562E+02
    4.9437749623E+02    -7.1969859373E+01    -2.0278820459E+01
    1.1005151079E+02    -4.1631957306E+02     2.5409974037E+02
   -6.2306209135E+01     4.1686939654E+01     4.9434819244E+02
    4.3096812670E+01     2.5069469692E+02     4.3045886409E+02
    1.3282133220E+02     4.2397821107E+02     2.2934901406E+02
   -3.0044508714E+02    -3.7319118742E+02    -1.4304225685E+02
   -1.8573816167E+02    -1.6322156876E+02    -4.3458032030E+02
    1.5169838263E+02     4.5445188245E+02    -1.4304225685E+02
   -2.8272225638E+02    -3.4074976332E+02     2.3228802067E+02
    3.6991457165E+01     2.4448226379E+02    -4.3458032030E+02
   -1.4295146329E+02    -8.4901042713E+01     4.7154712605E+02
   -3.0948010791E+02    -3.8972968201E+02     4.8299459329E+01
   -9.7529346555E+01    -1.7564157425E+00    -4.9039264020E+02
   -2.5699269408E+02    -2.9365211544E+02    -3.1260708611E+02
   -5.7952412184E+00     1.6616173774E+02    -4.7154712605E+02
    1.5944452868E+02     4.7108514289E+02     5.1538630349E+01
    1.1495125821E+02     3.7509223854E+02    -3.0998713009E+02
   -6.0486629578E+01     2.3849069685E+02    -4.3527411496E+02
   -2.2111933933E+02    -2.3437539233E+02     3.8232762553E+02
   -4.2608263604E+01     1.1770409825E+02     4.8407673062E+02
   -1.6469570007E+01     3.1305173710E+02    -3.8952196750E+02
   -1.1397915298E+02     3.0371964422E+02    -3.8047750314E+02
   -1.5586604755E+02     2.2173294718E+02    -4.2016696129E+02
   -6.8184818925E+01     3.7025726208E+02    -3.2902946729E+02
   -1.4936090951E+02    -1.0204276844E+02    -4.6613151805E+02
   -1.9452726264E+02    -1.7046579962E+01    -4.6029181852E+02
   -1.5627301121E+02     7.3809352968E+01    -4.6918112215E+02
   -2.4537297415E+02     5.7106191995E+01    -4.3189233194E+02
   -2.0629648383E+02     2.7978566847E+02    -3.5939079075E+02
   -2.8225124355E+02    -3.4074408558E+01    -4.1130666199E+02
   -3.2731017951E+02     4.0466700134E+01    -3.7580645626E+02
   -3.5263082969E+02    -5.5639805553E+01    -3.5007957666E+02
   -3.9266425962E+02     2.2614859013E+01    -3.0871240235E+02
   -4.1031531141E+02    -6.9655947688E+01    -2.7710899331E+02
   -4.4515689992E+02     6.1480632746E+00    -2.2759071987E+02
   -4.5340638060E+02    -8.5120124220E+01    -1.9281394784E+02
   -4.8064522398E+02    -8.9403808192E+00    -1.3747813738E+02
   -4.6341494749E+02     8.2354893499E+01    -1.6871353816E+02
   -4.8974536246E+02     6.6554287813E+01    -7.5630726063E+01
   -4.6326890050E+02     1.5640506019E+02    -1.0449585147E+02
   -4.8010335727E+02     1.3925158134E+02    -1.0476804496E+01
   -4.4471942797E+02     2.2543443444E+02    -3.7469269516E+01
   -4.5283627766E+02     2.0393900593E+02     5.7863524729E+01
   -4.0850045695E+02     2.8677525460E+02     2.9788085201E+01
   -4.0797698974E+02     2.6121451903E+02     1.2378106029E+02
   -4.7922227661E+02     1.1603409986E+02     8.2958406862E+01
   -3.5599578465E+02     3.3802772810E+02     9.4890760082E+01
   -3.4833855054E+02     3.0596825689E+02     1.8719957261E+02
   -2.8924616429E+02     3.7723771499E+02     1.5501084747E+02
   -2.9060105355E+02     4.0240895225E+02     6.0150335191E+01
   -2.7540400360E+02     3.3855076563E+02     2.4400002847E+02
   -3.2844573995E+02     2.6102911431E+02     2.7200587749E+02
   -4.7983388426E+02    -9.9296128791E+01    -9.9497348318E+01
   -2.1884730568E+02     4.3437061473E+02     1.1587935906E+02
   -2.1474796454E+02     4.5102641547E+02     2.1412245960E+01
   -3.9315475560E+02     3.0223072383E+02    -6.3921261911E+01
   -2.4965351444E+02     2.8779536452E+02     3.2380078889E+02
   -2.9708736629E+02     2.0494981031E+02     3.4602698167E+02
   -1.9151842795E+02     3.5924110979E+02     2.9028695594E+02
   -1.4103481803E+02     4.7413516193E+02     7.2835625376E+01
   -1.3155362269E+02     4.8198234949E+02    -1.9663650137E+01
   -2.0441303428E+02     4.4999605435E+02    -7.5623161056E+01
   -4.2650542329E+02     1.7331184208E+02    -1.9507980239E+02
   -3.6981157254E+02     1.7366330520E+02     2.8823680758E+02
   -3.3198390803E+02     1.1391124327E+02     3.5610520000E+02
   -3.9790030754E+02     7.9835104993E+01     2.9206454983E+02
   -3.5299235993E+02     1.8203595661E+01     3.5364533496E+02
   -4.1162468267E+02    -1.6823572577E+01     2.8334093955E+02
   -1.6148832542E+02     3.0220909479E+02     3.6413072348E+02
   -2.5315736032E+02     1.4210461871E+02     4.0708430117E+02
   -9.9928876968E+01     3.6723840496E+02     3.2426867483E+02
   -1.1661335291E+02     4.7334410686E+02    -1.1111562638E+02
   -4.4418640015E+02    -1.7279182612E+02    -1.5113380412E+02
   -4.6137834985E+02    -1.8458458595E+02    -5.5304149190E+01
   -4.8818312694E+02    -1.0804154236E+02    -2.0639034396E+00
   -4.6014817600E+02    -1.9113788164E+02     4.1592863893E+01
   -1.8041924872E+02     4.3135296283E+02    -1.7715393349E+02
   -4.1788297166E+01     4.9509203447E+02    -5.6014423349E+01
   -4.7844951341E+02    -1.1082725653E+02     9.3826341347E+01
   -4.3757236312E+02    -1.9854533832E+02     1.3823955897E+02
   -3.6709442115E+02    -7.7229385095E+01     3.3057118453E+02
   -2.6252375028E+01     4.7587796382E+02    -1.5116539405E+02
   -4.2404734502E+02    -2.6463776860E+02    -1.2276017833E+01
   -3.5876634889E+02    -1.4753729014E+02    -3.1546704253E+02
   -1.2713177844E+02     4.1722316436E+02     2.4446337565E+02
   -3.5980996029E+02     1.1339626848E+02    -3.2814338142E+02
   -3.3339612728E+01     4.1761074572E+02     2.7292807712E+02
   -2.9375757377E+02    -4.2856697854E+01     4.0233045038E+02
   -2.6805999127E+02     4.0217025717E+02    -1.2807390574E+02
   -2.5434507246E+02     3.7218085412E+02    -2.1630995341E+02
   -2.5133401269E+02     2.0348455822E+02    -3.8134662531E+02
   -2.9117717799E+02     2.4849468758E+02    -3.2166168758E+02
    3.1808843508E+00     3.6603441260E+02     3.4060048557E+02
   -4.5435207192E+02     3.9630761161E+01     2.0492339426E+02
   -4.1045345309E+02    -1.1257125130E+02     2.6240365132E+02
   -3.5804126402E+02    -1.7154986283E+02     3.0393600942E+02
   -5.5412120006E+01     4.5934700805E+02     1.8955163716E+02
   -4.9676960685E+02    -2.5885121009E+01     5.0496714914E+01
   -3.2486675815E+02     3.3803275694E+02    -1.7376836503E+02
   -1.5804694885E+02     3.5539395022E+02    -3.1419150546E+02
   -6.1356297692E+01     8.9318181944E+01    -4.8811644831E+02
   -9.7996095104E+01     1.6753937033E+02    -4.6078989218E+02
    6.1657541151E+01     4.8944080993E+02    -8.1523255548E+01
    2.5751300654E+01     4.9900303657E+02     1.8243903404E+01
    1.0950825641E+02     3.7474478815E+02     3.1236882933E+02
   -1.1753006383E+02     4.1335078528E+02    -2.5559306016E+02
   -2.1917396137E+01     4.3566981948E+02    -2.4435923585E+02
   -3.9803410638E+02    -1.9910383051E+02     2.2787390116E+02
    3.4896889270E+01     4.5350349541E+02     2.0764582049E+02
    9.1166280960E+00     4.8635406615E+02     1.1565729304E+02
    1.0278456051E+02     4.6833017916E+02     1.4178214771E+02
   -4.7805849502E+02    -3.4734429163E+01     1.4231512487E+02
   -3.2990676975E+02    -2.5892960104E+02     2.7224434792E+02
   -3.7058157530E+02    -2.8937585361E+02     1.7009089157E+02
   -4.0842005924E+02    -2.7689551372E+02     8.0758465130E+01
   -3.0265612759E+02    -3.7357044224E+02     1.3727488160E+02
    6.2953553630E+01     4.5944907102E+02    -1.8693154154E+02
    1.6157089436E+02     4.7117742220E+02    -4.3435963277E+01
    1.3875825399E+02     4.2186066618E+02    -2.2973838443E+02
   -2.5022938900E+02    -2.9283241419E+02     3.1880155282E+02
   -2.7954821260E+02    -3.4473273757E+02    -2.3024364590E+02
   -3.5482353539E+02    -2.9815565986E+02    -1.8762585437E+02
   -3.6851644266E+02    -3.2534094503E+02    -9.1372320620E+01
   -3.0948475335E+02    -3.8982831528E+02    -4.7466536119E+01
    7.9092581449E+01     3.1455415296E+02    -3.8052601542E+02
    8.2036426160E+01     3.1753747495E+02     3.7741221070E+02
   -9.7529346557E+01    -1.7564157421E+00     4.9039264020E+02
   -2.1084352634E+02    -7.0378172247E+00     4.5331608898E+02
   -1.0412684517E+02     8.7638868987E+01     4.8112059690E+02
   -1.0356117211E+02     1.7841623288E+02     4.5545881425E+02
   -1.7630675156E+02    -1.6045572969E+02     4.3951096478E+02
   -2.5922899437E+02    -1.4328387476E+02     4.0282758062E+02
   -2.2304409445E+02    -2.3322438663E+02    -3.8191323283E+02
   -2.8585447971E+02    -1.4400958448E+02    -3.8412036656E+02
   -2.3832474632E+02    -9.7729009731E+01    -4.2854446204E+02
   -4.1893783689E+02     9.7617421739E+01    -2.5487629900E+02
   -4.2829975351E+02     1.3492824751E+02     2.1989472292E+02
   -3.9608415881E+02     2.2360701086E+02     2.0764692108E+02
   -3.5026009748E+02     3.5681307047E+02     1.5155386193E+00
   -2.1203149145E+02     4.0453125054E+02     2.0346280733E+02
   -2.1292313851E+02     2.2977656464E+02     3.8970048426E+02
   -4.4485280257E+02     1.7616347697E+02     1.4516340251E+02
   -5.5852676123E+01     4.9541602255E+02     3.7992672580E+01
   -2.8102333919E+02     4.1210653851E+02    -3.4555516887E+01
   -6.7362882087E+01     3.0371237663E+02     3.9143458508E+02
   -1.8029290334E+01     2.1500667769E+02     4.5105107609E+02
   -2.8237770609E+02     4.8582555323E+01     4.0975915660E+02
   -4.2025194729E+02     2.3700217099E+02    -1.3121841237E+02
   -3.7673232858E+02     2.5859698828E+02    -2.0297869409E+02
   -4.9778427614E+02    -2.0673758430E+01    -4.2230440896E+01
   -4.0953288802E+02    -1.5642326705E+02    -2.4044661603E+02
   -3.6184660837E+02    -2.2794472414E+02    -2.5905257140E+02
    2.5888048648E+01     3.7828361800E+02    -3.2593145489E+02
   -4.1638753609E+02    -2.5108896868E+02    -1.1651501876E+02
   -3.6899271756E+02    -3.3739773738E+02     2.6723017181E+00
   -1.9084002818E+02     8.1863711933E+01     4.5483889050E+02
   -4.5080819720E+02    -1.1805433859E+02     1.8120469772E+02
   -3.1007435139E+02     3.0013146176E+02    -2.5253713048E+02
   -3.6317658697E+02     1.9865107267E+02    -2.8042916753E+02
   -1.3990997181E+02     4.5352866869E+02     1.5727983489E+02
   -4.9691106942E+02     5.3145515688E+01     1.5966942268E+01
   -2.9047771208E+02     1.2771169456E+02    -3.8640965549E+02
   -2.0725947444E+02     1.4535422435E+02    -4.3117938230E+02
   -3.0584836172E+02    -2.2541521166E+02    -3.2503040163E+02
   -2.2500981524E+02    -8.4039881497E+01     4.3852922521E+02
   -3.3825922776E+02     3.5709915114E+02    -8.9782465382E+01
   -4.0341190650E+02    -2.2488010728E+02    -1.9154052063E+02
   -1.2985785499E+02     2.4622144445E+02     4.1534556431E+02
   -2.9887828767E+02    -2.1147355724E+02     3.4051535024E+02
   -2.3597546995E+02     3.2831089811E+02    -2.9415562508E+02
    6.5081639038E+01     4.2139115937E+02    -2.6113956242E+02
    7.8794944986E+01     4.8881158125E+02     6.9674921469E+01
   -4.8582622073E+02     4.1987352722E+01     1.1049862198E+02
    4.8891881078E+01     4.1454967070E+02     2.7524199259E+02
   -1.7500847701E+02     1.6668264434E+02     4.3770872626E+02
   -4.6367931471E+02     1.0118424976E+02     1.5736340335E+02
   -9.4109452016E+01     4.5309865557E+02    -1.8932780927E+02
   -7.5074606800E+01     4.8082699329E+02     1.1475716074E+02
   -4.4849636054E+02    -4.8764666298E+01     2.1557602349E+02
   -3.5827967386E+02    -3.3928910780E+02     8.0737702631E+01
    1.0497770359E+01     3.0272750176E+02     3.9780127764E+02
    1.7695906288E+02     4.4486232192E+02     1.4416311804E+02
   -1.8927356109E+02     3.8733316817E+02    -2.5327561253E+02
   -3.7785290277E+02     2.9769855897E+02    -1.3639190539E+02
   -3.1878695692E+02     1.8235273117E+02    -3.3929685753E+02
   -3.1295143961E+02    -2.8654379831E+02    -2.6448827592E+02
   -3.2170554580E+02    -1.3275013988E+02     3.5900270496E+02
    1.8722216561E+01     1.3650288182E+02     4.8064169801E+02
    1.0351321401E+02     4.8904202119E+02     1.1086750506E+01
   -4.5474735089E-13     0.0000000000E+00     4.5474735089E-13
   -2.3337452761E+02     6.8763368644E+01     6.2475066572E+01
   -3.1722945164E+01    -2.4764828032E+02    -2.7424411048E+01
   -1.6403082483E+02     6.8745454375E+01    -1.7829362795E+02
    1.3867329803E+02     3.5461190142E+01     2.0622382788E+02
   -5.2338262168E+01     2.4133705538E+02     4.3826065475E+01
    1.7047516081E+02     8.9823643309E+01    -1.6099541431E+02
    1.9131628129E+02    -1.5563143923E+02     4.9480834594E+01
   -9.3115404990E+01    -5.6421666666E+01     2.2765302575E+02
    2.0933378009E+01    -1.0016649792E+02    -2.2953134626E+02
   -2.2212443895E+02    -1.3280122345E+02    -8.4808140470E+01
    1.7559423082E+02     1.9768729933E+02     4.4426370707E+01
    2.8875877336E+02     2.5058602989E+01     1.1574625129E+00
    1.0581999836E+01     2.3593782702E+02    -1.6337609233E+02
    4.6287476107E+01    -2.4598820047E+02     1.6127359978E+02
   -1.0281993169E+02     1.5345097506E+02     2.2785971520E+02
    2.1685535097E+02    -1.1502351590E+02    -1.5508496549E+02
   -1.8434041122E+02    -2.0294506377E+02     1.0893641095E+02
    2.3195659820E+01     8.7070650553E+01    -2.9275995562E+02
   -2.2948382456E+02     2.0536674082E+02    -6.6784712421E+01
    1.0496776736E+02    -2.6127264747E+02    -1.5015175966E+02
    7.7049315913E+01     2.1714309733E+02     2.0788573624E+02
   -1.0786443574E+02    -2.2775544766E+02    -1.9446909642E+02
    1.7613826165E+02    -1.4033919737E+02     2.3142879875E+02
   -3.1150136776E+02     2.1197212808E+01    -9.0392851707E+01
   -1.4777863910E+02    -7.6756015395E+01    -2.7785200289E+02
   -2.6317759930E+02    -6.0929287594E+01     1.7906694967E+02
    2.7732399736E+02     1.1003753264E+02     1.4619755428E+02
    1.7673877655E+02     2.5635617027E+02    -1.1750163213E+02
   -2.1136467683E+02     2.2898078535E+02     1.1896380948E+02
    1.2313859978E+02    -3.0885390571E+02     1.3609919977E+01
    2.9508667126E+02    -5.6837553203E+01     1.4750462719E+02
    1.6154963929E+02    -2.3615459818E+01    -2.8780534301E+02
    7.2084754065E+00     5.3285261164E+01     3.2193054838E+02
    4.3729452424E+01    -8.1867867744E+01     1.3745767556E+02
    8.2263080385E+01     3.2756188264E+02     6.5672571308E+01
   -7.8220877487E+01    -3.2591658357E+02     9.8355527544E+01
    2.3577167529E+01    -1.5285005929E+02     2.9784715292E+02
   -1.4435560102E+02     2.4801669659E+02    -1.9317083908E+02
    8.1290247344E+01    -1.2431036156E+02    -6.5945525323E+01
   -1.8969037665E+02    -2.8222199674E+02    -3.1976023650E+01
   -3.2899577361E+02    -8.7595815811E+01     3.0850904750E+01
   -1.4363069182E+02    -6.3434079667E+01     3.8252038051E+01
   -2.5010826123E+02     9.2503453565E+01     2.2084335504E+02
    9.7865196014E+00     9.3740601241E+01     1.3008555524E+02
   -6.3271470467E+01     1.2927679552E+02    -6.9798735859E+01
   -8.6597651789E+01    -5.7532175657E+01    -1.2036731167E+02
    2.9974607293E+02     1.4992814948E+02    -9.4135177548E+01
    3.1990215544E+02    -1.2482383573E+02    -3.6257889244E+01
    1.4136142963E+02     4.5024097885E+01     4.9986268496E+01
   -9.4079507265E+01    -2.3796998657E+02     2.3439774544E+02
    2.3463773845E+02    -2.4691745526E+02    -7.0567522839E+01
    1.2397769184E+02     1.9789858022E+02    -2.5950270410E+02
   -7.9118524210E+01     3.2800788797E+02    -7.9789439358E+01
   -5.8021581023E+01     2.9366949848E+02     1.8718442991E+02
    2.8279342546E+01     3.7630275730E+01    -1.4918757329E+02
   -2.7867810041E+02    -6.6998609759E+01    -2.0645797583E+02
    2.9573988209E+02     1.0836413531E+01    -1.4676708472E+02
    1.4336640872E+02    -1.7871518787E+02    -2.7090492493E+02
   -1.1516310968E+02     1.4477994841E+02    -2.9800898451E+02
    8.2124620735E+01     1.5531516431E+02    -6.2088868598E+01
    1.1974335166E+02    -4.4593665219E+01     3.2952808895E+02
   -2.0836500616E+01    -3.3062947143E+02    -1.4432864038E+02
   -2.7842156419E+01    -3.6951953875E+01    -3.5296590348E+02
    6.4890183399E+01     3.3835280719E+02    -7.7273549040E+01
    2.1412199809E+02     2.3279943892E+02     1.7562805283E+02
   -3.3802303175E+02     1.3711981509E+02    -5.3054130927E+00
    1.8540207520E+02    -2.6158836442E+02     1.4928566361E+02
   -1.9501390886E+02    -1.4519346559E+02     2.7042649640E+02
   -1.8577195220E+02     3.1414447292E+02     1.0381532407E+01
    1.4684096657E+01    -2.5559792214E+02    -2.5816850337E+02
   -2.9064831697E+02     1.3456535856E+02    -1.7459921483E+02
   -4.9310392046E+01    -1.7405914878E+02     8.9680696211E+01
    1.2527458968E+02     1.3126541293E+02     3.1015289088E+02
   -1.2053440450E+02     4.7557431565E+01     1.4016287546E+02
    1.6754903411E+02    -1.6019464304E+01    -7.1617863984E+01
    2.3220194872E+02     1.2838983253E+01     2.9498804830E+02
    3.1239805758E+02     1.8667457591E+02     3.7667251185E+01
   -2.3746379645E+02    -1.9451024630E+02    -2.0282399833E+02
   -3.5172916814E+02     3.8022368673E+01     1.1818910551E+02
   -3.7742633734E+00     1.9034055858E+02     3.1600186517E+02
   -1.4909267024E+02     4.6061862480E+01     3.1789126204E+02
    2.5072077256E+02     7.2431602585E+01    -2.6554340281E+02
   -6.7245041560E+01    -5.3045205526E+01     3.6054296981E+02
    5.8020300723E+00    -3.7254611994E+02     3.0475242533E+00
   -2.1568067576E+02     5.6287426002E+01    -3.0126684326E+02
   -4.0074888521E+01     3.6901096363E+02     6.0095431219E+01
   -1.6077417403E+02     3.9325656002E+01    -4.6983317149E+01
   -2.9475761995E+02    -2.2009721870E+02     2.9920064567E+01
    2.9923558064E+02    -1.9217401170E+02     1.1707668080E+02
   -3.3939006615E+00     2.1857244336E+02    -2.9546425123E+02
    2.4502549227E+02     2.9146490574E+02    -4.3702491147E+00
   -5.5004771669E+01    -1.6123072282E+02    -3.1833819399E+02
    1.4445911417E+02     9.4831429424E+01    -3.3501908631E+02
   -3.4834409055E+02    -1.0345678019E+02    -9.6867528011E+01
    2.4419407151E+02     1.8808483565E+02    -2.0573160244E+02
   -1.5211556715E+02     1.6187869619E+02     2.6455877385E+01
   -3.2042020046E+02     1.6207400623E+02     1.1894052666E+02
    6.8602277230E+01    -1.9510148489E+02     4.1341441668E+01
   -6.3811586533E+01     1.1286245630E+01    -2.3538736455E+02
    9.8878679138E+01    -2.4801032623E+02     2.7333118758E+02
    6.7990976749E-01    -1.8885936352E+02    -1.4043959785E+02
    8.2594122585E+01    -1.0085688535E+02    -3.5169137415E+02
    1.7082292742E+02    -5.4371482782E+01     1.2284397806E+02
    3.7296394615E+02    -5.2560544196E+01     5.0305706200E+01
    2.3020242359E+02    -2.3217933998E+02    -1.9786490009E+02
   -3.7366759164E+01    -1.2201660340E+02    -2.4224242504E+01
    2.4204057245E+02    -2.9851249134E+02     4.3858930089E+01
   -4.6588926434E+01     1.2855666866E+02    -1.9417243397E+02
   -2.9059949031E+02     2.5305262370E+02     2.8247695439E+01
    5.7800819722E+01     2.0009929258E+02     8.5717533843E+01
    1.0375666715E+02     3.0627271882E+02    -2.0376893189E+02
   -1.0116431046E+02    -3.6391862453E+02    -5.7220793258E+01
    1.9530586359E+02     1.0937196470E+02    -4.1162215863E+01
    2.3923935761E+02     1.3188594911E+02     2.6190562910E+02
    2.7719620079E+02    -5.8596318587E+01    -2.5072754877E+02
   -3.0165353837E+02    -1.7756950200E+02     1.4884299895E+02
   -2.1211096979E+02     2.0738289677E+02     2.3946639197E+02
    5.6367185255E+01     3.3448787827E+02     1.8416921555E+02
   -2.5377079603E+02    -8.5659724496E+00     2.8849841321E+02
    3.3708855717E+02    -1.0244650335E+02    -1.5522236769E+02
    3.7104483930E+01    -3.6223287720E+02     1.2169559307E+02
    1.1457544681E+02    -4.2972620045E+01    -1.7751120052E+02
   -2.2866275014E+02     1.6678096574E+02    -2.6752741251E+02
   -9.0931111791E+01    -1.6777750141E+02     3.3230176848E+02
    8.0876766165E+01    -3.6149624651E+02    -8.9436103310E+01
   -1.9724672137E+02    -2.9499916030E+02    -1.5104126642E+02
   -3.8370224260E+02     1.5724048272E+01     4.9725483836E+00
   -1.5266644641E+02     3.3405686888E+02     1.2450742441E+02
    2.8422002262E+01    -4.1801492510E+01     2.5043394182E+02
    1.4441235839E+02     1.3926579996E+02     1.4517384471E+02
    3.6846470681E+02     8.4385386508E+01     7.0547196155E+01
   -1.4120884900E+02    -1.7715722977E+02    -6.7574577530E-02
    3.7488910726E+02    -2.3394094516E+01    -6.4929949122E+01
   -5.6487281964E+01     3.2889807829E+02    -1.9711474890E+02
   -2.8892508516E+02    -2.3354162099E+02    -9.9587938649E+01
    9.4776478235E+01    -6.1912032847E+01     3.3122400584E+01
   -1.0914181039E+02     1.5148937792E+02     3.4322426439E+02
   -1.9412527644E+02    -3.3549465080E+02     7.5365576208E+01
   -1.9563012047E+02     3.1109128809E+02    -1.0736345530E+02
    1.9506734110E+02     3.1964499230E+02     9.8449289324E+01
    3.1965806760E+02     3.0735437655E+01     2.2021596282E+02
    2.7554013885E+02    -8.7381808137E+01     2.5720762489E+02
   -6.7272284675E+01     8.4240658066E+01     4.3542540684E+01
    7.4576514690E+01     1.2171436684E+01    -3.7704681228E+02
   -1.1405946513E+02     4.4484864236E+01    -3.6192560137E+02
   -3.3612370558E+02     3.2568937561E+01    -2.0218022807E+02
   -2.0103398881E+02    -2.9164118076E+01    -1.3032107742E+02
    1.3348968168E+02    -1.5850534003E+02     3.3662523713E+02
   -9.5554767804E+01     2.5122317246E+02     2.8621549096E+02
    3.2489401434E+02    -2.2846879825E+02     1.0063967172E+01
   -1.1988654418E+01    -3.2710851508E+02     2.2148806692E+02
   -2.4100506719E+02    -3.8483904508E+01    -2.3078752217E+01
   -1.6142170442E+02    -1.8976121412E+02    -2.8799590612E+02
   -5.0870066349E+01    -3.2107527337E+01     9.7124863812E+01
   -1.6061564110E+02    -9.7682046324E+01     1.4561690377E+02
    6.9577233740E+01     1.3969318572E+02    -1.7816978278E+02
   -3.3020658292E+01    -1.4869551979E+02     1.9931694454E+02
   -3.9262647569E+01     4.3495629328E+01     2.1903634044E+02
    1.0778318467E+01     2.4253841353E+02    -5.0263674910E+01
   -2.1037030977E+02    -2.4866027891E+02     2.1498877818E+02
   -1.7530414741E+02    -6.4079026701E+01     3.4228609633E+02
    1.2038727474E+02    -1.6440123523E+02     1.3655073594E+02
    1.6480650704E+02     2.3003386156E+02     2.7588925851E+02
   -1.2070216599E+02     2.2411893012E+02    -8.6244709844E+01
    1.5693577393E+02     3.6234329900E+02    -1.2163983879E+01
   -8.7698573154E+01     1.6530681072E+02     1.1774366397E+02
    1.1379521213E+02    -3.2675947855E+02     1.9127821047E+02
   -1.5232928341E+02    -1.2671970994E+02    -1.7818545472E+02
    3.3497507642E+01    -2.4721036676E+01     3.9530257377E+02
    1.8404568099E+02    -3.3300823431E+02    -1.1933209853E+02
    3.7628132725E+02     8.6556000724E+01    -4.1572111603E+01
    4.6527101301E+01     1.1309445398E+02     2.3346675414E+02
   -2.5296293372E+02     2.3925359140E+02    -1.7022253120E+02
    4.6658459787E+01     9.7321006797E+01     2.5545575426E+01
    1.0054522717E+02    -1.5274847661E+02    -1.7206504066E+02
    2.6580845123E+02    -7.3111637894E+01     4.3438565656E+01
   -3.9425698106E+01     1.2437570286E+02    -3.7534091259E+02
    3.2500071029E+02     1.0668703672E+02    -1.9204218584E+02
    2.8525097462E+02     2.5852071745E+02    -1.0104936088E+02
    1.3002561810E+02    -2.2118933670E+02    -5.1484514111E+01
    1.1651475625E+02     2.5658744447E+02    -2.6247176791E+01
    3.2510752356E+02    -2.0254644040E+02    -1.1295385261E+02
   -3.2973947678E+02     2.2321305671E+02    -8.3582303487E+01
   -2.2952472839E+02    -1.2995060671E+02     4.2240613899E+01
    2.5882825970E+02    -2.0809055372E+02     2.1597384796E+02
    2.4197822960E+02     2.1505124843E+01     9.7416682734E+01
    2.1297176310E+02    -1.1119836537E+02    -4.6902878211E+01
    1.6044103910E+02     4.7312057674E+01     3.6675920097E+02
    7.6644183861E+01     1.7631464553E+02    -3.5375229360E+02
   -3.6333441137E+02    -7.0384610609E+01     1.3412386180E+02
   -9.8577282803E+01    -1.7738543713E+02    -9.9341073015E+01
   -2.4901956994E+02     1.0047524038E+02    -5.3282012140E+01
    1.7202853817E+02    -3.4950765703E+02     1.0085573240E+02
    7.0023421407E+01    -2.1380526770E+02    -3.3525676114E+02
    1.0327172323E+02     4.7905142249E+01    -2.3322480309E+02
    3.1543623792E+02     2.1155374989E+02     1.4320785802E+02
    1.1997282465E+02    -2.8424324456E+02    -2.5578856560E+02
   -1.4430695310E+02    -3.3624243579E+02     1.9407289949E+02
   -3.6702308887E+02     1.1093981900E+02    -1.0432046077E+02
   -7.1683061954E+01     4.7118239771E+01     3.9032076935E+02
    1.8830024032E+01    -6.6139429814E+01    -1.2902388186E+02
   -1.9068640542E+02     1.2711408727E+02     1.4008620262E+02
    6.9572718354E+01    -3.4961761951E+02    -1.9217032360E+02
   -3.3253945569E+02     2.3631384822E+01     2.2291352384E+02
   -3.2874730865E+02    -1.5781831864E+02    -1.7976260738E+02
    8.5142690285E+01     4.9514823146E+01    -6.0699905390E+01
   -1.8190355448E+02    -1.2783109519E+00     2.1118543748E+02
   -9.1830306079E+01     2.7493530225E+02    -2.8104645843E+02
   -1.2001401333E+01    -2.5576221552E+02     3.0397439901E+02
   -2.1164206899E+02     1.3037615278E+02     3.1113707871E+02
    1.3368182452E+01     2.8004386088E+02     2.6346417089E+02
   -2.4783023698E+02    -4.7382039122E+01    -3.0894455559E+02
    2.1249226219E+02    -1.1205992154E+02    -3.1474672856E+02
    9.2775749319E+00    -2.7878409978E+02     6.4194178976E+01
   -2.3337023685E+02    -3.3721813520E+01     8.2713096867E+01
   -7.4094399176E+01     4.5465187266E+01    -1.3090830234E+02
   -8.5130652918E+01    -2.6243618215E+02    -2.9139136653E+02
    2.1649409316E+02     1.6356692562E+02    -3.0342258787E+02
    2.4289319852E+02     1.1223151928E+02     4.9629007440E+01
    7.7149019540E+01     1.5329016584E+01     1.2549847198E+02
    2.0639675719E+02     7.6893876306E-02    -1.9769801953E+02
    1.5803820991E+02     3.1771729133E+02     1.9522540508E+02
   -9.7849629485E+01    -3.2890821883E+02    -2.1325761120E+02
    2.0122562958E+02     2.7982435658E+02    -2.2072650888E+02
   -1.2381543946E+01     3.9642241908E+02    -3.7069617017E+01
   -1.6002545868E+02     2.9321840769E+02     2.1834205562E+02
   -1.8559485400E+02     1.6479500509E+02    -1.4997292308E+02
    2.8608192022E+02    -1.5992762076E+02    -2.4325251764E+02
   -2.1034297805E+01     1.9869987127E+02     1.8722797159E+02
   -3.6709817132E+02    -1.6776358607E+02    -1.9730732199E+01
    3.7656889454E+02     4.9909345029E+00     1.3561826071E+02
    4.4961905687E+01    -1.7923027100E+01    -2.8444815035E+02
   -1.1527772813E+02     3.8403438793E+02    -4.7188096078E+00
   -2.8919185332E+02    -1.0683847147E+02     2.6610089176E+02
    3.6744472191E+02    -1.5170123839E+02     5.6966956114E+01
    1.1686195559E+02    -6.2728708496E+01     2.0732218554E+02
   -1.0882783955E+02    -2.7700077963E+02    -1.0694704063E+02
   -2.4819846382E+02     1.6623269319E+02     5.0977806073E+01
   -2.7591665097E+02    -2.8594658399E+02     1.3861617470E+02
   -2.5891419269E+02     3.2044747253E+02     9.8013032584E+01
444 463 414 519 1
452 506 283 526 1
271 283 506 526 1
414 463 444 495 1
383 303 487 621 1
463 519 444 527 1
434 465 412 494 1
434 412 465 556 1
244 434 472 554 1
271 283 357 506 1
416 432 498 512 1
500 522 437 588 1
442 482 3 597 1
486 500 456 522 1
354 434 245 621 1
456 522 500 588 1
440 498 432 512 1
413 485 440 550 1
267 506 438 526 1
420 500 486 522 1
256 503 433 536 1
420 437 500 522 1
411 449 445 541 1
244 472 434 501 1
227 473 437 574 1
434 554 245 621 1
11 227 437 574 1
444 495 391 634 1
474 549 519 631 1
413 550 440 595 1
271 506 267 526 1
11 227 12 437 1
465 494 434 621 1
512 551 413 645 1
255 256 503 555 1
431 418 501 577 1
437 473 227 520 1
244 245 434 554 1
444 495 463 527 1
433 503 256 555 1
336 520 473 543 1
413 551 485 645 1
465 487 303 621 1
12 437 227 520 1
369 503 256 536 1
474 519 430 631 1
363 385 478 518 1
439 493 108 530 1
4 482 442 489 1
343 497 449 544 1
408 444 391 634 1
233 535 28 562 1
445 541 449 547 1
28 535 431 562 1
81 440 80 644 1
63 491 441 524 1
344 499 461 520 1
416 498 432 571 1
434 418 508 577 1
429 411 534 589 1
478 518 385 548 1
421 466 457 596 1
455 508 418 577 1
444 519 549 631 1
233 487 535 562 1
45 557 446 578 1
120 456 111 486 1
363 478 385 548 1
11 500 437 588 1
465 412 494 555 1
345 572 489 620 1
416 432 512 571 1
206 37 174 521 1
420 519 474 549 1
499 520 372 543 1
336 390 520 543 1
216 493 445 530 1
97 509 432 594 1
439 530 108 602 1
37 445 521 547 1
457 466 421 542 1
354 244 245 434 1
426 459 445 481 1
447 543 402 548 1
409 455 451 496 1
81 498 440 644 1
431 510 418 577 1
354 562 434 621 1
175 439 101 579 1
445 426 541 547 1
28 562 431 632 1
385 548 518 592 1
434 501 418 577 1
11 437 57 588 1
445 459 423 481 1
61 55 441 553 1
329 495 444 527 1
440 512 413 595 1
28 431 535 632 1
446 571 566 645 1
97 98 509 594 1
61 441 189 553 1
429 411 471 534 1
566 571 443 645 1
5 489 345 572 1
256 433 258 536 1
61 189 55 553 1
120 93 111 456 1
369 294 503 536 1
206 174 493 521 1
391 444 329 495 1
363 358 385 518 1
432 509 97 557 1
445 481 411 541 1
11 437 500 574 1
105 470 551 557 1
305 494 480 555 1
445 449 411 521 1
11 57 500 588 1
55 511 441 553 1
120 456 486 588 1
435 488 452 624 1
426 481 445 541 1
463 495 316 527 1
63 121 441 491 1
452 488 410 624 1
449 497 231 547 1
491 524 156 587 1
374 497 343 544 1
28 626 562 632 1
442 470 413 482 1
480 494 305 532 1
81 83 80 440 1
323 391 495 634 1
432 509 446 571 1
415 456 437 522 1
466 524 491 587 1
419 455 451 541 1
562 626 431 632 1
141 549 500 605 1
283 452 356 506 1
450 503 294 536 1
451 455 419 556 1
446 509 423 571 1
258 433 256 608 1
272 369 294 503 1
437 456 415 504 1
472 501 40 511 1
451 410 483 552 1
451 496 410 552 1
423 566 446 571 1
476 509 98 594 1
496 505 454 636 1
5 482 489 572 1
451 556 419 561 1
423 476 439 507 1
301 543 473 634 1
432 571 446 645 1
120 93 456 588 1
444 430 519 631 1
265 488 475 506 1
383 353 303 621 1
369 272 256 503 1
418 510 455 577 1
108 493 439 534 1
496 601 505 636 1
296 402 543 548 1
361 395 265 506 1
92 432 97 557 1
439 534 411 589 1
432 571 498 594 1
421 484 466 596 1
470 482 442 597 1
255 503 465 555 1
86 551 81 594 1
130 500 486 605 1
413 482 470 597 1
271 357 267 506 1
432 498 440 594 1
456 437 522 588 1
204 95 540 580 1
507 515 443 545 1
1 472 553 586 1
97 432 92 594 1
443 507 481 515 1
506 518 267 649 1
440 513 80 644 1
416 498 440 512 1
344 372 499 520 1
413 436 550 595 1
200 493 471 521 1
454 568 414 583 1
412 555 465 556 1
431 501 418 510 1
432 551 470 557 1
433 258 536 608 1
431 479 501 510 1
3 442 4 482 1
175 101 100 579 1
425 584 514 589 1
92 551 432 557 1
437 461 415 565 1
336 473 301 543 1
408 391 323 634 1
418 501 479 510 1
12 57 11 437 1
31 40 32 501 1
497 525 450 639 1
3 482 4 597 1
439 476 416 507 1
451 455 409 515 1
415 461 437 504 1
83 80 440 640 1
411 429 471 510 1
130 141 500 605 1
452 356 506 613 1
35 11 57 500 1
484 458 545 585 1
444 408 574 634 1
459 477 21 533 1
452 616 435 624 1
328 316 495 527 1
98 509 476 576 1
445 459 426 607 1
267 438 270 526 1
105 470 485 551 1
514 584 429 589 1
3 578 442 597 1
439 476 423 602 1
438 506 267 649 1
37 521 25 547 1
264 267 506 518 1
265 475 488 536 1
395 488 265 506 1
410 616 452 624 1
344 461 14 520 1
412 433 480 555 1
449 535 419 600 1
454 414 552 583 1
328 495 329 527 1
25 521 449 547 1
412 433 555 556 1
316 495 463 537 1
299 450 525 639 1
40 472 32 501 1
422 520 499 543 1
110 108 493 530 1
436 523 413 550 1
473 543 462 634 1
21 477 459 569 1
428 518 548 592 1
425 514 460 589 1
80 513 440 640 1
456 500 486 588 1
344 14 236 520 1
474 420 549 605 1
443 545 515 563 1
505 573 454 636 1
426 477 459 564 1
329 391 330 444 1
459 477 426 569 1
429 510 411 589 1
226 244 434 501 1
428 505 601 636 1
519 527 463 638 1
419 535 487 600 1
226 501 434 562 1
451 496 455 556 1
330 329 444 527 1
426 564 459 566 1
472 320 554 586 1
328 316 329 495 1
466 529 457 596 1
433 555 256 608 1
471 493 200 534 1
433 536 410 601 1
189 441 121 502 1
455 541 419 600 1
430 444 527 631 1
413 523 485 550 1
264 266 267 518 1
63 441 61 622 1
390 372 520 543 1
438 414 478 537 1
498 571 476 594 1
412 434 508 556 1
441 467 425 531 1
438 478 414 505 1
434 562 487 621 1
191 476 498 516 1
45 446 492 578 1
423 459 445 560 1
444 568 495 634 1
262 265 475 506 1
451 496 556 561 1
354 226 434 562 1
121 441 491 502 1
433 410 536 561 1
84 81 498 594 1
455 515 451 541 1
255 254 256 555 1
430 519 474 539 1
100 516 460 579 1
299 525 497 639 1
81 170 83 440 1
420 474 519 539 1
92 105 551 557 1
418 467 441 531 1
426 459 481 566 1
480 494 412 555 1
443 515 481 563 1
81 170 440 551 1
415 437 469 522 1
294 503 450 639 1
40 511 501 603 1
459 564 477 566 1
111 486 456 580 1
238 21 477 533 1
303 487 465 614 1
425 467 441 622 1
513 540 95 580 1
175 534 439 579 1
535 600 449 646 1
437 422 469 590 1
354 353 562 621 1
266 267 518 649 1
126 466 542 580 1
126 466 580 587 1
439 423 530 602 1
414 519 463 638 1
108 530 109 602 1
438 537 463 575 1
122 493 108 534 1
439 416 476 516 1
422 437 469 565 1
63 524 441 622 1
53 612 479 632 1
441 467 418 511 1
441 502 189 553 1
414 495 444 568 1
216 118 493 530 1
1 320 472 586 1
191 498 164 516 1
434 487 465 621 1
452 488 435 613 1
344 236 372 520 1
421 458 484 585 1
426 481 564 566 1
110 109 108 530 1
248 447 532 617 1
438 414 537 575 1
442 413 470 538 1
121 61 63 441 1
437 422 520 565 1
437 415 469 565 1
425 529 466 596 1
438 575 463 635 1
428 573 505 636 1
421 466 484 522 1
225 343 449 544 1
434 418 472 508 1
409 496 451 552 1
468 499 237 617 1
439 493 411 534 1
252 250 555 621 1
466 524 88 529 1
412 434 494 508 1
413 442 482 581 1
46 535 521 632 1
434 472 418 501 1
356 452 283 613 1
494 555 250 621 1
410 561 433 601 1
119 557 45 578 1
248 447 389 532 1
123 200 190 521 1
446 557 470 578 1
437 473 422 590 1
401 527 444 631 1
270 438 267 649 1
409 455 496 625 1
463 537 414 575 1
421 456 466 522 1
108 439 175 534 1
54 472 40 511 1
426 525 477 564 1
450 536 317 599 1
257 256 555 608 1
197 530 445 560 1
422 517 447 617 1
45 492 446 533 1
245 554 494 621 1
416 476 498 571 1
184 491 156 587 1
423 476 507 571 1
316 379 495 537 1
26 225 343 449 1
299 525 450 599 1
397 316 379 495 1
512 545 458 585 1
123 493 200 521 1
95 542 513 580 1
449 521 445 547 1
83 440 170 640 1
437 520 461 565 1
238 477 21 569 1
536 561 410 624 1
262 506 475 518 1
197 560 445 607 1
484 585 545 596 1
248 532 468 617 1
35 500 57 588 1
176 436 540 640 1
225 449 26 535 1
317 450 294 536 1
305 250 494 555 1
178 97 98 509 1
17 586 553 598 1
444 473 568 634 1
84 86 81 594 1
200 471 190 521 1
420 444 519 549 1
488 506 356 613 1
412 480 433 601 1
440 550 170 640 1
419 535 449 544 1
430 444 519 527 1
477 525 426 569 1
438 518 506 649 1
438 463 537 635 1
416 507 476 571 1
439 530 423 623 1
216 118 174 493 1
253 255 465 555 1
431 535 487 562 1
410 536 475 601 1
422 499 517 617 1
431 487 535 600 1
415 484 466 522 1
176 550 436 640 1
415 466 456 522 1
473 520 422 543 1
409 496 454 625 1
473 574 408 634 1
120 486 500 588 1
438 424 575 635 1
231 547 497 648 1
449 535 225 544 1
420 437 522 590 1
460 514 429 589 1
432 551 92 594 1
409 515 545 563 1
265 260 475 536 1
409 454 496 552 1
419 487 577 600 1
415 604 461 627 1
519 414 568 583 1
162 579 514 606 1
417 477 564 566 1
461 604 502 627 1
61 121 189 441 1
465 503 255 614 1
305 252 250 555 1
26 449 521 535 1
117 513 220 542 1
242 468 237 617 1
198 176 205 436 1
452 424 490 616 1
129 111 159 486 1
515 541 455 600 1
519 552 414 583 1
50 479 53 612 1
488 536 410 624 1
1 553 17 586 1
26 521 46 535 1
111 159 486 580 1
95 204 542 580 1
412 494 468 508 1
301 462 543 634 1
296 543 462 548 1
423 576 530 602 1
396 462 296 543 1
442 490 546 567 1
423 445 481 623 1
237 499 468 586 1
5 223 345 489 1
262 264 506 518 1
344 461 499 598 1
53 471 612 632 1
499 543 372 617 1
108 101 175 439 1
25 26 449 521 1
444 574 473 634 1
295 450 299 639 1
411 510 448 589 1
409 464 454 615 1
117 457 513 542 1
239 546 489 609 1
479 612 471 632 1
422 568 469 590 1
25 343 231 449 1
262 263 264 518 1
414 552 519 575 1
440 550 485 551 1
421 458 585 595 1
57 437 12 633 1
317 298 450 599 1
424 567 490 616 1
162 514 160 606 1
423 481 459 566 1
430 489 572 620 1
187 46 521 632 1
422 473 437 520 1
298 294 317 450 1
357 283 356 506 1
437 520 12 633 1
298 295 450 599 1
419 497 449 541 1
510 455 577 600 1
16 553 502 598 1
25 449 231 547 1
442 546 424 567 1
401 444 549 631 1
330 444 401 527 1
409 454 464 625 1
432 551 512 645 1
422 469 454 565 1
92 104 105 557 1
65 504 456 588 1
356 488 395 506 1
29 562 28 626 1
439 423 507 623 1
477 525 435 564 1
152 151 485 597 1
468 508 494 554 1
270 635 438 649 1
432 470 485 645 1
409 448 610 615 1
304 316 463 537 1
226 244 354 434 1
442 424 489 581 1
431 577 487 600 1
283 526 277 619 1
389 447 248 617 1
476 576 423 602 1
414 495 478 537 1
120 486 195 500 1
414 462 495 568 1
442 489 424 546 1
331 317 536 599 1
270 526 438 635 1
168 509 98 576 1
460 514 72 579 1
262 475 263 518 1
50 53 479 632 1
442 492 490 567 1
473 568 422 590 1
74 82 75 516 1
283 452 526 619 1
409 545 448 615 1
424 546 490 567 1
432 485 470 551 1
170 550 440 551 1
442 567 424 581 1
424 452 611 616 1
463 575 424 635 1
474 605 436 628 1
420 605 474 628 1
416 440 498 585 1
151 523 485 597 1
495 568 462 634 1
241 242 237 617 1
424 483 567 616 1
490 492 417 567 1
291 462 281 548 1
417 533 477 566 1
296 462 291 548 1
432 440 551 594 1
454 469 464 565 1
446 566 538 645 1
29 233 28 562 1
466 484 425 596 1
245 494 247 621 1
144 445 37 547 1
414 505 478 573 1
336 326 390 543 1
433 556 412 601 1
256 258 369 536 1
460 516 439 579 1
452 410 611 616 1
389 532 447 582 1
262 361 265 506 1
494 508 434 554 1
331 536 488 599 1
81 79 498 644 1
304 379 316 537 1
538 566 443 645 1
187 521 471 632 1
424 611 483 616 1
267 270 271 526 1
477 533 459 566 1
424 438 526 635 1
407 489 442 609 1
450 561 536 624 1
439 416 516 589 1
416 512 440 585 1
42 502 16 553 1
467 514 99 637 1
553 586 427 598 1
411 448 507 589 1
108 101 439 602 1
159 540 486 580 1
233 487 340 535 1
411 507 439 589 1
411 481 445 623 1
449 497 419 544 1
468 447 517 617 1
316 306 463 527 1
478 495 414 642 1
181 446 45 557 1
432 485 551 645 1
191 164 165 516 1
309 447 402 548 1
299 450 295 599 1
416 559 460 596 1
422 447 517 573 1
489 546 442 609 1
572 620 324 631 1
453 519 552 575 1
457 529 466 542 1
441 511 418 641 1
40 54 32 472 1
420 500 437 590 1
211 470 105 557 1
48 603 501 626 1
253 465 255 614 1
430 489 482 572 1
410 488 452 506 1
244 472 232 554 1
4 442 407 489 1
50 53 59 612 1
190 200 187 471 1
412 508 455 556 1
414 478 462 573 1
205 198 436 605 1
418 467 531 584 1
396 291 296 462 1
430 527 519 638 1
420 522 458 583 1
160 514 162 579 1
17 553 16 598 1
418 479 467 584 1
140 523 474 605 1
419 497 541 593 1
100 460 74 579 1
445 411 493 521 1
425 448 584 589 1
425 531 467 584 1
65 456 504 587 1
247 494 245 554 1
422 454 517 565 1
425 448 589 596 1
455 510 418 610 1
417 446 492 533 1
205 523 436 550 1
450 536 488 624 1
219 140 474 605 1
360 546 526 558 1
164 498 165 516 1
487 535 419 544 1
428 518 478 548 1
467 479 418 603 1
420 469 522 583 1
413 538 442 581 1
176 205 436 550 1
117 513 457 644 1
397 379 279 495 1
314 599 613 643 1
232 472 320 554 1
55 511 60 622 1
469 522 437 590 1
523 539 482 572 1
410 488 475 536 1
462 473 422 543 1
314 525 599 643 1
102 580 456 587 1
226 31 244 501 1
423 481 443 571 1
411 493 471 534 1
482 523 151 597 1
501 603 479 626 1
453 552 519 583 1
454 469 568 583 1
263 475 261 592 1
314 599 398 613 1
408 235 391 444 1
126 466 135 542 1
385 582 548 592 1
460 516 416 589 1
432 509 476 594 1
129 486 159 540 1
260 475 536 608 1
438 505 414 575 1
420 458 539 583 1
423 507 481 571 1
356 395 361 506 1
465 487 434 577 1
263 518 475 592 1
162 160 161 606 1
468 517 499 617 1
481 507 443 571 1
111 93 102 456 1
430 620 572 631 1
260 536 258 608 1
310 468 248 532 1
464 469 454 615 1
57 588 437 633 1
158 467 99 637 1
354 353 226 562 1
452 490 424 619 1
242 248 468 617 1
296 291 281 548 1
153 152 151 485 1
431 501 562 577 1
332 569 525 643 1
216 37 144 445 1
413 482 523 539 1
185 460 72 579 1
27 535 46 632 1
452 528 284 613 1
409 454 583 615 1
413 523 436 539 1
417 492 446 538 1
203 189 121 502 1
409 552 451 563 1
410 451 483 624 1
416 457 559 596 1
63 124 491 524 1
185 74 72 460 1
456 466 415 587 1
412 496 454 636 1
265 380 260 536 1
454 469 422 568 1
402 543 447 617 1
111 456 102 580 1
37 149 25 521 1
521 632 535 646 1
425 589 460 596 1
61 55 60 622 1
235 401 444 549 1
147 485 470 597 1
233 340 28 535 1
448 545 484 615 1
180 529 457 542 1
435 525 450 593 1
324 572 345 620 1
484 610 448 615 1
301 462 396 543 1
411 493 439 623 1
101 516 439 602 1
526 546 360 619 1
468 517 447 636 1
130 195 486 500 1
478 537 495 642 1
339 238 21 569 1
45 19 492 533 1
421 466 456 580 1
190 471 187 521 1
120 195 183 500 1
340 233 405 487 1
444 519 414 568 1
25 26 343 449 1
416 498 559 585 1
427 508 468 554 1
460 559 457 596 1
81 80 79 644 1
420 486 605 628 1
65 58 504 588 1
414 463 495 537 1
181 446 509 618 1
467 511 116 603 1
538 563 417 567 1
468 532 447 617 1
163 457 180 529 1
417 492 538 567 1
462 478 414 642 1
122 108 175 534 1
425 441 524 622 1
420 539 519 583 1
102 126 580 587 1
442 538 492 567 1
454 464 517 565 1
63 124 121 491 1
165 516 498 559 1
14 461 344 598 1
512 585 458 595 1
435 593 450 624 1
443 563 567 629 1
181 509 446 557 1
450 525 435 599 1
418 531 441 641 1
413 539 436 595 1
284 528 452 619 1
443 417 538 563 1
176 540 96 640 1
419 541 449 600 1
25 149 26 521 1
98 476 167 576 1
421 457 585 596 1
416 559 457 585 1
411 439 507 623 1
465 555 494 621 1
323 391 329 495 1
419 593 450 639 1
428 505 478 647 1
165 498 164 559 1
318 548 385 582 1
1 17 320 586 1
449 541 426 547 1
559 585 498 644 1
432 440 512 551 1
405 341 340 487 1
242 248 310 468 1
419 497 593 639 1
432 476 571 594 1
153 485 151 523 1
416 545 585 596 1
120 130 195 486 1
434 562 501 577 1
567 581 538 629 1
430 482 539 572 1
525 569 477 643 1
88 466 136 524 1
356 283 285 613 1
443 563 538 567 1
332 477 569 643 1
281 548 462 642 1
309 389 402 447 1
104 92 97 557 1
452 506 488 613 1
466 529 135 542 1
413 538 581 629 1
330 391 235 444 1
99 514 467 606 1
65 456 93 588 1
448 411 507 515 1
284 452 283 619 1
303 371 487 614 1
510 577 431 600 1
181 142 446 618 1
436 523 205 605 1
416 516 460 559 1
422 517 454 573 1
366 528 490 570 1
26 46 27 535 1
140 139 523 605 1
382 494 468 532 1
120 500 183 588 1
82 100 101 516 1
476 509 432 571 1
186 479 603 626 1
151 482 150 523 1
409 610 455 625 1
281 462 291 642 1
461 520 422 565 1
17 42 16 553 1
253 254 255 555 1
412 517 468 636 1
410 506 452 611 1
451 541 481 564 1
332 388 477 643 1
427 553 472 586 1
1 320 232 472 1
563 564 481 566 1
456 421 580 628 1
217 129 159 540 1
411 448 510 515 1
417 446 533 566 1
412 494 480 532 1
423 443 481 566 1
423 446 566 618 1
72 460 74 591 1
496 505 410 552 1
165 164 77 559 1
14 461 627 633 1
409 464 610 625 1
434 494 554 621 1
268 635 270 649 1
185 72 514 579 1
102 93 65 456 1
448 484 425 531 1
481 541 426 564 1
88 136 466 529 1
135 466 136 529 1
279 273 274 642 1
483 611 410 616 1
279 537 273 642 1
298 299 295 599 1
388 332 477 569 1
227 473 336 520 1
142 533 446 618 1
420 522 486 628 1
404 305 381 532 1
219 139 140 605 1
428 478 518 647 1
447 422 543 573 1
318 582 385 592 1
168 178 98 509 1
268 270 267 649 1
506 526 452 611 1
441 425 524 630 1
457 585 559 644 1
72 514 460 591 1
433 475 536 601 1
237 468 242 586 1
470 557 446 645 1
432 446 557 645 1
296 402 325 543 1
180 457 117 542 1
443 567 538 629 1
262 261 263 475 1
479 501 418 603 1
465 503 433 555 1
449 497 426 541 1
519 568 469 583 1
322 473 408 634 1
414 505 454 552 1
40 501 48 603 1
35 11 500 574 1
102 456 65 587 1
123 206 493 521 1
439 507 416 589 1
462 543 422 573 1
257 258 256 608 1
322 408 473 574 1
410 483 616 624 1
147 105 470 485 1
141 138 549 605 1
424 438 575 611 1
456 580 486 628 1
58 504 588 633 1
251 555 465 621 1
413 458 539 595 1
75 73 74 559 1
197 445 144 607 1
301 291 396 462 1
340 487 341 535 1
181 509 209 618 1
501 511 418 603 1
441 531 425 630 1
286 284 528 613 1
251 252 555 621 1
421 484 458 522 1
265 260 262 475 1
279 495 379 537 1
54 472 511 553 1
461 499 422 520 1
45 446 142 533 1
94 471 200 534 1
342 374 343 544 1
438 526 506 611 1
446 538 492 578 1
459 533 39 618 1
330 328 329 527 1
451 552 483 563 1
410 475 488 506 1
231 497 399 648 1
48 186 603 626 1
14 520 461 633 1
235 549 444 574 1
311 532 389 582 1
419 450 503 639 1
253 251 252 555 1
185 74 460 579 1
45 492 18 578 1
138 474 549 605 1
90 204 95 540 1
433 503 556 561 1
416 545 512 585 1
433 503 465 556 1
469 583 454 615 1
216 144 197 445 1
117 180 163 457 1
478 505 438 647 1
402 389 319 447 1
438 424 526 611 1
383 303 371 487 1
253 465 251 555 1
519 568 444 590 1
428 478 505 573 1
268 537 635 649 1
12 227 338 520 1
442 578 3 609 1
58 44 504 633 1
446 423 509 618 1
385 358 275 518 1
98 167 168 576 1
423 509 476 571 1
39 459 21 533 1
145 119 45 578 1
58 44 64 504 1
122 110 108 493 1
492 570 347 609 1
245 247 249 621 1
299 334 497 525 1
401 330 235 444 1
158 622 467 637 1
497 419 544 639 1
527 324 620 631 1
14 627 148 633 1
65 58 64 504 1
350 533 477 570 1
482 485 413 523 1
117 169 220 513 1
468 494 382 554 1
389 447 309 582 1
420 519 469 583 1
244 232 245 554 1
425 484 448 596 1
173 560 197 607 1
490 492 442 609 1
385 518 275 592 1
423 566 459 618 1
415 461 504 627 1
419 556 503 561 1
462 414 495 642 1
427 472 508 554 1
435 450 599 624 1
200 493 122 534 1
265 488 392 536 1
173 530 197 560 1
238 477 350 533 1
164 498 77 559 1
579 606 162 612 1
268 537 359 635 1
412 454 496 625 1
117 457 76 644 1
432 446 509 557 1
426 497 449 547 1
517 573 447 636 1
81 86 170 551 1
272 503 294 639 1
471 493 411 521 1
230 492 19 533 1
316 328 306 527 1
255 256 272 503 1
435 525 477 643 1
461 499 427 565 1
15 14 344 598 1
138 474 208 549 1
314 398 287 613 1
422 473 462 568 1
418 510 479 584 1
150 523 482 572 1
435 613 599 643 1
301 473 322 634 1
417 564 563 566 1
435 564 525 593 1
166 476 98 594 1
429 479 471 510 1
471 479 431 510 1
155 27 46 632 1
279 495 537 642 1
412 454 517 636 1
427 554 468 586 1
253 255 370 614 1
136 184 156 587 1
412 455 508 625 1
305 494 381 532 1
341 535 487 544 1
412 508 468 517 1
90 95 513 540 1
277 284 283 619 1
324 6 345 572 1
465 503 419 556 1
421 456 522 628 1
413 482 539 581 1
58 588 44 633 1
466 484 415 630 1
402 447 319 617 1
314 525 327 599 1
283 271 277 526 1
416 498 476 516 1
433 503 450 536 1
129 120 111 486 1
531 610 484 615 1
474 539 523 572 1
97 92 89 594 1
430 539 482 581 1
17 16 586 598 1
76 117 163 457 1
64 504 44 633 1
431 600 535 646 1
185 72 160 514 1
338 227 336 520 1
418 501 472 511 1
123 190 206 521 1
468 508 427 517 1
397 329 316 495 1
365 489 239 546 1
194 147 218 485 1
16 234 586 598 1
446 470 538 578 1
130 141 195 500 1
414 454 505 573 1
456 415 504 587 1
442 546 490 609 1
422 447 543 617 1
468 532 412 636 1
45 19 18 492 1
169 513 117 644 1
408 235 444 574 1
136 466 126 587 1
453 583 539 629 1
465 434 556 577 1
499 517 427 565 1
226 30 501 562 1
268 359 270 635 1
158 116 467 622 1
445 547 144 607 1
327 525 314 643 1
415 464 531 615 1
448 531 425 584 1
448 515 507 545 1
451 481 515 563 1
422 454 568 573 1
413 485 482 597 1
76 457 163 591 1
458 539 583 629 1
430 527 620 631 1
416 498 516 559 1
454 573 517 636 1
381 494 382 532 1
231 374 399 497 1
460 591 425 596 1
467 584 479 606 1
182 212 103 627 1
284 366 528 619 1
309 447 548 582 1
229 499 237 586 1
425 484 466 630 1
253 370 303 614 1
76 559 457 591 1
427 472 554 586 1
402 325 543 617 1
412 517 454 625 1
447 532 468 636 1
455 418 508 610 1
467 418 511 603 1
52 511 40 603 1
152 485 218 597 1
411 521 449 646 1
401 224 527 631 1
34 482 151 597 1
156 491 124 524 1
240 499 372 617 1
57 44 588 633 1
424 575 463 638 1
304 316 306 463 1
350 230 19 533 1
90 540 513 640 1
99 467 188 606 1
456 504 437 588 1
457 559 76 644 1
429 479 584 606 1
448 507 416 545 1
209 509 181 557 1
410 496 451 624 1
457 529 163 591 1
373 544 503 639 1
409 453 563 629 1
181 45 119 557 1
503 544 373 614 1
417 563 443 566 1
220 180 117 542 1
472 434 508 554 1
3 407 4 442 1
290 463 306 620 1
147 105 211 470 1
322 337 408 574 1
160 185 514 579 1
31 226 30 501 1
418 508 464 641 1
445 560 459 607 1
254 257 256 555 1
409 448 515 610 1
201 3 4 597 1
446 538 470 645 1
412 556 496 601 1
16 234 17 586 1
445 426 547 607 1
421 540 513 580 1
478 438 518 647 1
451 515 409 563 1
437 504 461 633 1
50 479 626 632 1
147 218 485 597 1
112 97 178 509 1
291 462 301 634 1
481 563 451 564 1
454 414 568 573 1
98 166 167 476 1
200 123 122 493 1
415 531 484 615 1
382 468 310 532 1
453 567 563 629 1
407 239 489 609 1
3 47 578 597 1
45 181 142 446 1
347 492 230 570 1
1 472 54 553 1
112 97 509 557 1
411 445 493 623 1
281 478 363 548 1
487 562 434 577 1
490 347 570 609 1
84 81 79 498 1
421 585 484 596 1
253 303 465 614 1
173 197 43 607 1
484 531 448 610 1
525 564 426 593 1
420 522 469 590 1
456 580 466 587 1
423 443 566 571 1
417 477 533 570 1
305 378 480 532 1
466 491 415 587 1
499 586 229 598 1
417 538 446 566 1
209 112 509 557 1
450 503 433 561 1
419 503 450 561 1
448 545 416 596 1
139 205 523 605 1
453 519 430 539 1
490 528 366 619 1
302 497 374 544 1
486 540 131 605 1
409 515 448 545 1
426 541 497 593 1
21 238 20 533 1
409 563 545 629 1
464 508 418 610 1
420 469 519 590 1
403 318 385 592 1
425 467 622 637 1
513 421 595 640 1
413 470 485 597 1
451 564 483 624 1
496 561 451 624 1
422 499 461 565 1
545 563 443 629 1
459 560 423 618 1
326 336 301 543 1
514 591 69 637 1
351 350 477 570 1
470 442 578 597 1
332 525 315 643 1
309 402 296 548 1
415 491 466 630 1
314 613 287 643 1
514 579 429 606 1
410 561 496 624 1
421 513 542 580 1
415 504 491 627 1
288 558 276 635 1
240 237 499 617 1
305 480 355 555 1
462 543 447 548 1
502 553 427 598 1
409 515 455 610 1
156 88 136 524 1
154 523 205 550 1
427 499 468 517 1
301 336 322 473 1
151 34 150 482 1
413 485 470 645 1
276 558 526 635 1
453 539 430 581 1
65 504 103 587 1
412 480 601 636 1
448 416 507 589 1
417 533 492 570 1
486 522 456 628 1
69 514 72 591 1
240 241 237 617 1
417 443 538 566 1
155 46 187 632 1
444 549 420 590 1
141 138 208 549 1
422 517 499 565 1
476 516 191 602 1
305 404 378 532 1
412 468 494 532 1
153 218 152 485 1
242 241 248 617 1
463 527 306 620 1
500 549 210 574 1
439 516 460 589 1
290 558 463 620 1
424 453 567 575 1
319 447 389 617 1
131 540 96 605 1
51 52 40 603 1
409 454 552 583 1
471 534 94 612 1
40 48 51 603 1
390 326 372 543 1
136 135 126 466 1
469 568 519 590 1
431 501 479 626 1
413 512 458 595 1
366 490 347 570 1
427 502 461 604 1
460 514 425 591 1
424 567 483 575 1
163 180 137 529 1
281 478 548 642 1
422 568 462 573 1
134 95 204 542 1
260 380 258 536 1
282 480 368 592 1
224 330 401 527 1
69 591 70 637 1
274 478 273 649 1
238 351 350 477 1
244 32 232 472 1
478 537 273 649 1
447 543 462 573 1
459 569 426 607 1
417 477 570 616 1
209 181 112 557 1
248 389 311 532 1
381 382 310 532 1
412 601 496 636 1
483 567 453 575 1
211 146 470 557 1
435 528 477 616 1
10 210 549 574 1
261 260 259 475 1
486 580 540 628 1
20 39 21 533 1
313 395 356 488 1
292 503 373 614 1
444 568 473 590 1
265 392 380 536 1
423 445 530 560 1
92 551 86 594 1
465 555 433 556 1
453 552 409 563 1
436 523 474 539 1
190 187 46 521 1
497 544 302 639 1
304 306 290 463 1
503 544 419 639 1
476 509 423 576 1
199 162 606 612 1
290 304 463 635 1
367 282 368 592 1
65 64 103 504 1
158 60 116 622 1
57 12 44 633 1
429 479 510 584 1
420 519 444 590 1
402 319 325 617 1
72 74 73 591 1
416 589 448 596 1
439 516 476 602 1
13 520 14 633 1
70 69 72 591 1
21 459 56 607 1
24 144 37 547 1
449 541 411 646 1
158 99 67 637 1
107 108 109 602 1
519 539 453 583 1
409 583 453 629 1
94 187 200 471 1
124 156 184 491 1
420 549 500 590 1
147 194 105 485 1
418 464 531 641 1
201 4 482 597 1
123 206 174 493 1
528 570 477 616 1
423 530 445 623 1
540 580 421 628 1
13 236 14 520 1
369 317 294 536 1
539 581 453 629 1
146 119 145 578 1
304 537 463 635 1
419 487 465 577 1
462 568 414 573 1
56 560 459 618 1
204 134 542 580 1
417 490 567 616 1
49 186 48 626 1
451 563 483 564 1
540 595 421 640 1
429 584 510 589 1
43 197 144 607 1
413 581 539 629 1
433 536 450 561 1
471 479 429 612 1
260 259 475 608 1
261 475 259 608 1
427 461 565 604 1
372 240 344 499 1
405 371 341 487 1
437 461 520 633 1
477 528 435 643 1
366 307 528 570 1
539 595 458 628 1
419 561 450 593 1
448 510 584 589 1
345 489 400 620 1
465 487 419 614 1
128 560 509 576 1
415 565 461 604 1
182 103 504 627 1
436 595 539 628 1
131 96 198 605 1
427 464 508 641 1
488 599 450 624 1
415 531 464 604 1
564 616 483 624 1
431 479 471 632 1
474 523 436 605 1
215 591 529 637 1
265 395 392 488 1
477 564 435 616 1
417 564 477 616 1
243 372 543 617 1
167 166 191 476 1
549 574 500 590 1
332 525 569 648 1
132 560 128 576 1
311 389 377 582 1
427 499 461 598 1
315 525 327 643 1
317 331 298 599 1
451 515 481 541 1
480 582 368 592 1
90 95 85 513 1
429 514 460 579 1
223 400 345 489 1
357 264 267 506 1
435 599 525 643 1
56 459 39 618 1
417 492 490 570 1
206 149 37 521 1
363 281 274 478 1
409 610 464 615 1
414 463 575 638 1
458 583 522 615 1
522 583 469 615 1
552 575 505 611 1
497 525 334 648 1
63 156 124 524 1
70 591 215 637 1
480 592 282 608 1
457 513 421 585 1
460 589 416 596 1
474 523 140 572 1
383 487 233 562 1
217 96 131 540 1
225 342 343 544 1
411 510 471 646 1
425 514 467 637 1
41 549 474 631 1
443 563 481 566 1
6 5 345 572 1
483 575 552 611 1
90 513 85 640 1
54 511 55 553 1
483 563 417 564 1
41 208 474 549 1
24 37 25 547 1
310 382 242 468 1
421 542 466 580 1
455 419 577 600 1
419 541 451 593 1
42 189 502 553 1
413 458 512 629 1
453 430 519 638 1
150 482 5 572 1
481 507 411 515 1
21 56 22 607 1
422 543 499 617 1
188 99 158 467 1
427 508 464 517 1
432 557 470 645 1
491 504 415 587 1
373 503 292 639 1
472 508 418 641 1
453 581 567 629 1
191 214 167 602 1
171 550 170 551 1
453 424 567 638 1
418 531 464 610 1
382 494 247 554 1
172 560 132 576 1
425 467 514 584 1
463 424 558 635 1
409 545 458 629 1
439 579 534 589 1
457 591 460 596 1
211 105 104 557 1
420 539 458 628 1
261 592 475 608 1
41 208 549 631 1
410 475 506 647 1
14 36 148 627 1
452 424 526 619 1
412 556 455 625 1
460 579 439 589 1
307 570 406 643 1
53 471 94 612 1
454 505 496 552 1
548 582 428 592 1
409 458 583 629 1
128 509 560 618 1
485 523 482 597 1
442 489 482 581 1
207 41 219 474 1
489 581 424 638 1
464 610 531 615 1
482 489 430 581 1
48 40 31 501 1
307 528 570 643 1
390 372 236 520 1
290 463 558 635 1
513 540 421 640 1
455 610 508 625 1
396 296 325 543 1
274 478 281 642 1
89 92 86 594 1
508 610 464 625 1
467 511 441 622 1
363 385 308 548 1
115 606 479 612 1
421 522 458 628 1
23 144 547 607 1
419 451 561 593 1
465 419 503 614 1
108 107 101 602 1
181 209 127 618 1
249 354 245 621 1
207 41 474 631 1
84 498 164 594 1
462 634 291 642 1
114 534 579 612 1
452 526 424 611 1
450 525 497 593 1
110 493 118 530 1
480 601 592 608 1
387 489 546 558 1
468 499 427 586 1
448 484 545 596 1
335 23 547 648 1
413 539 458 629 1
440 513 595 640 1
444 574 549 590 1
490 570 492 609 1
341 487 371 614 1
225 535 341 544 1
338 336 390 520 1
32 54 1 472 1
457 421 513 542 1
303 251 465 621 1
39 56 21 459 1
303 251 253 465 1
10 210 9 549 1
293 272 294 639 1
344 499 229 598 1
530 576 113 602 1
174 118 110 493 1
94 200 196 534 1
365 223 4 489 1
203 42 189 502 1
207 474 572 631 1
471 510 431 646 1
428 592 480 601 1
351 406 570 643 1
191 167 476 602 1
427 604 464 641 1
114 579 162 612 1
95 220 513 542 1
474 430 539 572 1
34 151 152 597 1
429 534 579 589 1
84 164 166 594 1
418 511 472 641 1
409 552 453 583 1
171 485 193 550 1
235 9 401 549 1
427 517 464 565 1
378 532 311 582 1
453 575 424 638 1
421 585 513 595 1
429 606 579 612 1
302 374 342 544 1
65 93 58 588 1
286 285 284 613 1
88 135 136 529 1
331 313 398 599 1
109 530 113 602 1
282 592 367 608 1
409 458 545 615 1
193 154 205 550 1
378 480 532 582 1
430 453 581 638 1
526 546 424 558 1
85 513 80 640 1
459 533 446 566 1
141 130 138 605 1
443 507 545 571 1
433 496 556 601 1
417 570 490 616 1
437 574 473 590 1
47 470 578 597 1
212 491 184 587 1
341 544 487 614 1
332 327 315 525 1
424 581 567 638 1
521 471 632 646 1
47 470 146 578 1
355 555 480 608 1
52 116 60 511 1
427 461 502 598 1
514 425 591 637 1
114 534 192 579 1
416 545 507 571 1
564 593 435 624 1
492 538 442 578 1
159 204 540 580 1
356 313 488 613 1
414 575 519 638 1
414 505 552 575 1
438 635 537 649 1
425 622 524 637 1
453 567 581 638 1
441 491 502 604 1
470 538 413 645 1
351 570 477 643 1
146 470 47 597 1
446 533 459 618 1
410 505 496 601 1
440 513 585 595 1
105 485 194 551 1
436 605 486 628 1
26 149 46 521 1
314 327 376 599 1
393 306 527 620 1
458 522 420 628 1
464 415 565 615 1
349 365 239 546 1
433 556 496 561 1
347 346 492 609 1
137 529 180 542 1
143 598 502 627 1
452 613 435 616 1
35 10 11 574 1
284 366 286 528 1
440 498 585 644 1
97 89 98 594 1
126 542 134 580 1
243 240 372 617 1
459 560 56 607 1
403 582 318 592 1
419 465 556 577 1
319 389 248 617 1
225 340 341 535 1
240 229 344 499 1
7 572 324 631 1
70 215 68 637 1
469 565 415 615 1
485 550 171 551 1
455 419 556 577 1
235 9 549 574 1
5 150 34 482 1
324 7 6 572 1
488 536 450 599 1
187 94 53 471 1
407 442 3 609 1
261 262 260 475 1
450 593 497 639 1
52 116 511 603 1
83 85 80 640 1
208 138 41 474 1
368 480 378 582 1
237 229 240 499 1
54 40 52 511 1
250 381 305 494 1
454 517 464 625 1
275 518 263 592 1
483 563 453 567 1
530 560 172 576 1
13 12 338 520 1
19 45 142 533 1
157 126 102 587 1
550 595 436 640 1
171 177 194 551 1
47 146 33 578 1
10 549 9 574 1
140 139 205 523 1
529 591 425 637 1
459 566 446 618 1
261 259 592 608 1
269 274 273 649 1
221 132 128 576 1
15 143 36 598 1
229 586 234 598 1
143 36 598 627 1
426 569 547 607 1
415 522 469 615 1
411 481 515 541 1
171 194 485 551 1
307 351 406 570 1
158 67 622 637 1
412 532 480 636 1
425 524 466 529 1
383 352 353 562 1
409 583 458 615 1
433 561 496 601 1
423 560 509 618 1
332 315 388 643 1
383 405 233 487 1
500 574 437 590 1
355 305 378 480 1
327 525 376 599 1
453 519 575 638 1
421 458 595 628 1
484 545 458 615 1
417 483 564 616 1
435 599 488 624 1
30 501 562 626 1
427 508 472 641 1
50 626 38 632 1
13 12 520 633 1
411 471 521 646 1
439 493 530 623 1
424 546 526 619 1
275 263 261 592 1
426 497 547 648 1
416 585 457 596 1
171 153 193 485 1
234 229 237 586 1
417 563 483 567 1
538 567 442 581 1
512 545 416 571 1
230 18 19 492 1
141 210 500 549 1
540 436 595 640 1
54 55 179 553 1
478 548 462 573 1
187 471 53 632 1
264 361 262 506 1
521 535 449 646 1
209 509 128 618 1
428 548 478 573 1
147 470 146 597 1
436 540 486 605 1
137 135 529 542 1
41 138 219 474 1
277 526 360 619 1
207 219 140 474 1
427 565 464 604 1
415 484 522 615 1
150 213 523 572 1
592 601 475 608 1
292 255 503 614 1
147 211 146 470 1
473 462 568 634 1
347 346 230 492 1
302 544 373 639 1
331 488 313 599 1
360 277 276 526 1
221 172 132 576 1
433 536 475 608 1
484 531 415 630 1
203 143 502 627 1
453 483 552 563 1
410 496 561 601 1
293 503 272 639 1
336 227 322 473 1
355 480 282 608 1
154 153 151 523 1
130 120 129 486 1
167 576 476 602 1
251 250 252 621 1
30 48 501 626 1
28 535 27 632 1
212 184 103 587 1
464 565 469 615 1
226 353 352 562 1
366 347 307 570 1
318 308 385 548 1
116 188 158 467 1
102 65 157 587 1
419 544 503 614 1
58 57 44 588 1
300 613 528 643 1
463 527 620 638 1
430 620 527 638 1
466 524 425 630 1
441 502 553 604 1
397 279 362 495 1
196 94 534 612 1
238 350 20 533 1
261 259 367 592 1
415 604 491 630 1
441 491 604 630 1
120 183 93 588 1
470 442 538 578 1
365 407 239 489 1
207 474 140 572 1
510 515 448 610 1
64 182 103 504 1
237 242 321 586 1
64 148 182 504 1
462 548 447 573 1
182 504 148 627 1
219 474 138 605 1
541 600 411 646 1
188 467 116 603 1
106 191 516 602 1
475 518 428 592 1
79 77 498 644 1
375 546 490 619 1
205 139 198 605 1
75 516 165 559 1
260 258 259 608 1
366 375 490 619 1
440 585 513 644 1
151 150 213 523 1
491 524 466 630 1
179 55 189 553 1
106 516 101 602 1
79 77 164 498 1
183 500 35 588 1
2 222 239 609 1
290 312 558 620 1
427 553 502 604 1
171 91 170 550 1
115 603 479 606 1
475 428 518 647 1
464 604 531 641 1
387 489 365 546 1
387 364 489 558 1
278 288 276 635 1
489 558 364 620 1
457 559 460 591 1
175 192 534 579 1
266 264 263 518 1
547 569 426 648 1
286 528 300 613 1
309 548 318 582 1
140 523 213 572 1
424 490 546 619 1
449 600 541 646 1
360 387 546 558 1
50 38 53 632 1
293 292 503 639 1
293 373 292 639 1
23 144 24 547 1
425 531 484 630 1
458 522 484 615 1
423 481 507 623 1
452 528 490 619 1
114 192 162 579 1
176 193 205 550 1
35 183 195 500 1
443 545 512 571 1
411 507 481 623 1
376 525 299 599 1
441 604 553 641 1
290 306 312 620 1
148 627 504 633 1
321 382 246 554 1
509 560 423 576 1
335 228 23 648 1
490 528 452 616 1
50 479 186 626 1
349 546 239 609 1
259 367 592 608 1
300 287 613 643 1
332 333 525 648 1
429 579 460 589 1
355 257 555 608 1
378 311 377 582 1
413 538 629 645 1
440 595 550 640 1
165 75 82 516 1
490 546 375 609 1
196 200 122 534 1
361 357 356 506 1
386 373 544 614 1
341 386 544 614 1
455 556 496 625 1
383 371 405 487 1
419 487 544 614 1
424 463 558 638 1
113 530 172 576 1
381 247 382 494 1
360 288 387 558 1
53 94 59 612 1
497 525 426 593 1
201 47 3 597 1
77 559 498 644 1
176 96 87 640 1
16 502 143 598 1
185 100 74 579 1
368 582 403 592 1
427 553 604 641 1
188 467 603 606 1
411 515 510 600 1
16 42 143 502 1
211 119 146 557 1
351 238 388 477 1
105 194 177 551 1
125 111 102 580 1
32 1 232 472 1
452 528 613 616 1
435 613 528 616 1
300 314 287 643 1
214 113 167 602 1
428 548 573 636 1
447 573 548 636 1
332 569 228 648 1
281 363 308 548 1
45 18 145 578 1
292 373 386 614 1
121 124 133 491 1
291 634 297 642 1
329 362 323 495 1
428 475 592 601 1
11 337 227 574 1
28 38 626 632 1
392 317 380 536 1
362 495 279 642 1
495 634 462 642 1
415 464 565 604 1
173 118 197 530 1
447 548 582 636 1
428 582 548 636 1
130 129 131 486 1
63 66 524 622 1
437 588 504 633 1
102 126 125 580 1
39 533 142 618 1
27 225 26 535 1
393 306 328 527 1
202 603 115 606 1
160 162 185 579 1
199 114 162 612 1
400 489 364 620 1
324 393 527 620 1
412 496 556 625 1
22 339 21 569 1
526 558 424 635 1
48 31 30 501 1
276 526 270 635 1
411 600 510 646 1
96 540 87 640 1
478 518 438 649 1
287 286 300 613 1
106 214 191 602 1
304 359 537 635 1
427 472 553 641 1
279 379 273 537 1
80 513 169 644 1
366 289 375 619 1
130 486 131 605 1
475 518 506 647 1
92 105 177 551 1
109 172 113 530 1
179 1 54 553 1
431 626 479 632 1
114 196 192 534 1
101 106 82 516 1
137 180 135 542 1
79 164 84 498 1
141 210 195 500 1
50 186 49 626 1
275 358 263 518 1
441 524 491 630 1
462 548 478 642 1
428 601 480 636 1
410 505 601 647 1
20 142 39 533 1
429 534 471 612 1
431 562 501 626 1
5 34 4 482 1
255 272 292 503 1
115 202 186 603 1
159 204 90 540 1
110 123 174 493 1
78 117 76 644 1
110 122 123 493 1
352 383 233 562 1
69 99 514 637 1
362 329 397 495 1
88 529 524 637 1
63 62 66 622 1
292 272 293 503 1
203 133 143 627 1
302 342 373 544 1
333 334 525 648 1
347 490 375 609 1
388 339 332 569 1
421 595 540 628 1
436 540 595 628 1
417 567 483 616 1
115 186 479 603 1
433 601 480 608 1
181 127 142 618 1
128 509 168 576 1
212 124 184 491 1
246 382 247 554 1
424 558 489 638 1
453 552 483 575 1
29 28 38 626 1
52 55 54 511 1
199 162 161 606 1
91 550 176 640 1
52 60 55 511 1
479 603 467 606 1
426 525 497 648 1
128 560 71 618 1
148 504 64 633 1
209 128 127 618 1
428 601 505 647 1
490 570 528 616 1
4 407 365 489 1
161 99 188 606 1
25 231 24 547 1
376 327 299 525 1
280 291 297 642 1
368 282 378 480 1
312 364 558 620 1
270 276 271 526 1
2 578 492 609 1
428 475 601 647 1
410 506 611 647 1
477 570 528 643 1
205 213 140 523 1
428 582 480 592 1
323 495 362 634 1
292 370 255 614 1
2 18 492 578 1
76 73 559 591 1
201 482 34 597 1
215 163 529 591 1
201 4 34 482 1
488 599 435 613 1
304 359 379 537 1
33 146 145 578 1
183 35 57 588 1
349 348 546 609 1
30 49 48 626 1
438 537 478 649 1
322 408 323 634 1
473 574 444 590 1
430 581 489 638 1
113 576 167 602 1
150 140 213 572 1
427 586 499 598 1
506 518 438 647 1
68 69 70 637 1
207 7 41 631 1
71 560 56 618 1
28 27 155 632 1
505 575 438 611 1
525 426 569 648 1
125 126 134 580 1
502 598 461 627 1
474 430 572 631 1
355 282 257 608 1
175 100 192 579 1
341 371 386 614 1
368 318 403 582 1
297 291 301 634 1
51 48 186 603 1
30 562 29 626 1
178 209 112 509 1
364 365 387 489 1
110 118 109 530 1
389 309 377 582 1
207 572 7 631 1
412 508 517 625 1
486 540 436 628 1
424 575 483 611 1
8 549 208 631 1
326 301 396 543 1
401 549 8 631 1
341 386 373 544 1
334 497 302 639 1
273 537 268 649 1
133 491 212 627 1
134 126 135 542 1
258 380 369 536 1
394 546 375 619 1
188 603 202 606 1
290 312 364 558 1
273 359 268 537 1
246 247 245 554 1
318 309 308 548 1
266 518 358 649 1
313 392 395 488 1
109 113 107 602 1
133 124 212 491 1
95 134 220 542 1
558 620 489 638 1
411 541 515 600 1
315 327 314 643 1
173 172 530 560 1
2 3 578 609 1
253 252 254 555 1
443 629 538 645 1
313 331 392 488 1
362 634 495 642 1
524 622 66 637 1
168 128 178 509 1
63 61 62 622 1
368 378 377 582 1
284 289 366 619 1
95 220 169 513 1
72 69 160 514 1
250 247 381 494 1
375 347 366 490 1
480 555 433 608 1
410 601 475 647 1
177 171 170 551 1
433 475 601 608 1
510 600 431 646 1
28 340 27 535 1
87 96 90 540 1
62 622 67 637 1
91 176 87 640 1
78 559 77 644 1
445 530 493 623 1
186 50 115 479 1
447 582 532 636 1
324 527 224 631 1
42 179 189 553 1
278 558 288 635 1
196 534 114 612 1
191 165 106 516 1
163 137 215 529 1
435 616 564 624 1
196 114 94 612 1
69 67 99 637 1
387 365 349 546 1
504 627 461 633 1
90 87 540 640 1
41 8 208 631 1
355 378 282 480 1
62 66 622 637 1
300 528 307 643 1
424 546 489 558 1
381 310 404 532 1
196 122 175 534 1
280 297 362 642 1
479 606 429 612 1
464 517 508 625 1
271 276 277 526 1
78 169 117 644 1
149 190 46 521 1
235 10 9 574 1
169 80 85 513 1
149 206 190 521 1
192 196 175 534 1
348 375 546 609 1
393 312 306 620 1
528 613 435 643 1
296 281 308 548 1
531 584 448 610 1
297 634 362 642 1
348 394 349 546 1
357 361 264 506 1
299 333 334 525 1
203 143 42 502 1
290 278 304 635 1
153 194 218 485 1
92 177 86 551 1
290 558 278 635 1
78 76 77 559 1
59 199 115 612 1
431 562 487 577 1
305 355 252 555 1
226 352 30 562 1
441 553 511 641 1
141 9 210 549 1
88 524 66 637 1
269 266 358 649 1
78 76 559 644 1
430 489 620 638 1
199 606 115 612 1
512 571 432 645 1
531 604 415 630 1
310 248 311 532 1
29 352 233 562 1
243 372 326 543 1
314 376 398 599 1
428 480 582 636 1
512 545 443 629 1
288 278 290 558 1
524 529 425 637 1
374 334 399 497 1
17 234 320 586 1
147 146 47 597 1
62 67 66 637 1
438 611 506 647 1
328 330 224 527 1
266 268 267 649 1
281 291 280 642 1
338 390 236 520 1
448 584 510 610 1
332 228 333 648 1
418 510 584 610 1
307 384 351 570 1
308 309 296 548 1
89 86 84 594 1
335 547 231 648 1
128 132 71 560 1
77 75 165 559 1
399 497 334 648 1
179 17 1 553 1
194 153 171 485 1
16 229 234 598 1
458 545 512 629 1
204 125 134 580 1
423 560 530 576 1
295 334 302 639 1
213 154 151 523 1
13 338 236 520 1
384 230 350 570 1
471 431 632 646 1
65 103 157 587 1
278 276 270 635 1
22 228 569 607 1
71 56 39 618 1
300 307 406 643 1
125 159 111 580 1
128 168 221 576 1
173 132 172 560 1
136 126 157 587 1
324 393 224 527 1
302 334 374 497 1
360 546 394 619 1
195 210 35 500 1
429 579 534 612 1
463 620 558 638 1
350 19 20 533 1
344 229 15 598 1
173 172 118 530 1
179 42 17 553 1
443 571 512 645 1
351 384 350 570 1
30 352 29 562 1
187 53 155 632 1
531 604 441 641 1
177 170 86 551 1
75 76 73 559 1
137 135 88 529 1
492 578 442 609 1
239 407 2 609 1
324 312 393 620 1
113 172 221 576 1
312 324 345 620 1
403 385 275 592 1
22 23 228 607 1
376 299 298 599 1
69 99 160 514 1
364 400 365 489 1
303 370 371 614 1
342 225 341 544 1
63 66 156 524 1
76 163 73 591 1
532 582 480 636 1
263 358 266 518 1
369 380 317 536 1
207 6 7 572 1
85 95 169 513 1
440 585 512 595 1
166 98 89 594 1
79 78 77 644 1
20 19 142 533 1
107 106 101 602 1
205 154 213 523 1
394 375 289 619 1
312 400 364 620 1
243 543 325 617 1
6 150 5 572 1
18 346 2 492 1
307 300 286 528 1
333 327 332 525 1
88 66 68 637 1
2 492 346 609 1
378 404 311 532 1
104 97 112 557 1
513 585 457 644 1
410 611 505 647 1
394 348 375 546 1
505 611 438 647 1
356 285 313 613 1
168 167 113 576 1
165 82 106 516 1
401 8 224 631 1
367 368 403 592 1
365 400 223 489 1
384 347 230 570 1
202 188 116 603 1
78 80 169 644 1
18 230 346 492 1
418 584 531 610 1
511 553 472 641 1
335 23 24 547 1
148 64 44 633 1
159 125 204 580 1
303 353 251 621 1
158 67 62 622 1
259 282 367 608 1
217 159 90 540 1
246 245 232 554 1
349 239 348 609 1
43 144 23 607 1
14 148 13 633 1
451 593 564 624 1
280 362 279 642 1
225 27 340 535 1
52 51 116 603 1
319 248 241 617 1
512 629 443 645 1
259 258 257 608 1
2 407 3 609 1
50 49 38 626 1
307 347 384 570 1
220 134 180 542 1
178 128 209 509 1
16 143 15 598 1
246 232 320 554 1
277 289 284 619 1
280 274 281 642 1
91 87 83 640 1
335 24 231 547 1
61 60 62 622 1
304 278 359 635 1
287 398 313 613 1
141 208 9 549 1
88 156 66 524 1
286 366 307 528 1
79 80 78 644 1
413 629 512 645 1
359 273 379 537 1
312 345 400 620 1
8 401 9 549 1
215 70 163 591 1
90 85 87 640 1
535 632 431 646 1
127 128 71 618 1
359 278 270 635 1
450 593 561 624 1
393 328 224 527 1
355 257 254 555 1
289 277 360 619 1
319 243 325 617 1
188 202 115 606 1
158 62 60 622 1
360 394 289 619 1
96 217 90 540 1
309 318 377 582 1
297 301 322 634 1
295 293 294 639 1
183 58 93 588 1
208 8 9 549 1
10 337 11 574 1
299 327 333 525 1
347 375 346 609 1
72 73 70 591 1
2 346 222 609 1
441 604 531 630 1
7 324 224 631 1
280 279 274 642 1
166 89 84 594 1
243 326 325 543 1
157 103 184 587 1
193 176 91 550 1
13 44 12 633 1
171 193 91 550 1
408 337 235 574 1
561 593 451 624 1
30 29 49 626 1
342 341 373 544 1
134 135 180 542 1
181 119 112 557 1
136 157 184 587 1
207 140 150 572 1
57 58 183 588 1
396 325 326 543 1
293 302 373 639 1
133 212 182 627 1
335 231 399 648 1
243 241 240 617 1
404 310 311 532 1
104 119 211 557 1
368 377 318 582 1
261 367 275 592 1
259 257 282 608 1
36 182 148 627 1
172 109 118 530 1
76 75 77 559 1
41 7 8 631 1
22 228 339 569 1
323 362 297 634 1
287 285 286 613 1
292 386 370 614 1
192 100 185 579 1
106 107 214 602 1
201 34 152 597 1
28 155 38 632 1
192 185 162 579 1
376 298 331 599 1
137 88 215 529 1
331 398 376 599 1
269 273 268 649 1
322 323 297 634 1
139 219 138 605 1
207 150 6 572 1
147 152 218 597 1
234 237 321 586 1
94 114 59 612 1
235 337 10 574 1
173 56 71 560 1
39 142 127 618 1
113 221 168 576 1
47 33 2 578 1
348 346 375 609 1
228 332 339 569 1
360 387 394 546 1
254 252 355 555 1
130 131 138 605 1
49 29 38 626 1
214 107 113 602 1
290 364 288 558 1
249 250 251 621 1
353 354 249 621 1
22 56 43 607 1
67 69 68 637 1
83 87 85 640 1
15 229 16 598 1
70 73 163 591 1
315 406 388 643 1
173 71 132 560 1
22 43 23 607 1
155 53 38 632 1
313 285 287 613 1
7 224 8 631 1
51 202 116 603 1
199 161 115 606 1
266 269 268 649 1
112 119 104 557 1
353 249 251 621 1
51 186 202 603 1
143 133 36 627 1
188 115 161 606 1
387 288 364 558 1
139 131 198 605 1
2 3 47 578 1
68 66 67 637 1
314 300 315 643 1
333 228 335 648 1
199 59 114 612 1
367 403 275 592 1
2 145 18 578 1
386 371 370 614 1
399 334 333 648 1
148 44 13 633 1
320 234 321 586 1
39 127 71 618 1
295 302 293 639 1
201 152 147 597 1
349 394 387 546 1
139 138 131 605 1
319 241 243 617 1
36 133 182 627 1
239 222 348 609 1
333 335 399 648 1
147 47 201 597 1
348 222 346 609 1
315 300 406 643 1
33 145 2 578 1
551 413 440 512 1
551 440 413 485 1
579 101 516 439 1
579 516 101 100 1
621 383 562 487 1
621 562 383 353 1
497 343 231 374 1
497 231 343 449 1
605 500 420 549 1
605 420 500 486 1
493 216 521 174 1
493 521 216 445 1
37 521 216 174 1
37 216 521 445 1
32 501 244 31 1
244 501 32 472 1
489 5 4 482 1
489 4 5 223 1
605 96 436 540 1
605 436 96 198 1
176 436 96 540 1
176 96 436 198 1
516 74 100 460 1
516 100 74 82 1
627 604 491 415 1
627 491 604 502 1
518 363 649 478 1
518 649 363 358 1
269 363 649 358 1
622 55 441 61 1
622 441 55 511 1
594 440 81 498 1
594 81 440 551 1
530 216 197 445 1
530 197 216 118 1
170 640 91 83 1
91 640 170 550 1
74 559 516 75 1
516 559 74 460 1
536 331 392 317 1
536 392 331 488 1
474 628 539 420 1
539 628 474 436 1
136 524 587 156 1
587 524 136 466 1
508 577 556 434 1
556 577 508 455 1
606 160 99 514 1
606 99 160 161 1
642 273 478 537 1
642 478 273 274 1
639 334 299 295 1
639 299 334 497 1
569 238 388 339 1
569 388 238 477 1
622 116 511 60 1
622 511 116 467 1
550 154 485 193 1
550 485 154 523 1
153 485 154 193 1
153 154 485 523 1
613 283 284 452 1
613 284 283 285 1
612 50 115 59 1
612 115 50 479 1
540 129 131 217 1
540 131 129 486 1
533 230 570 350 1
533 570 230 492 1
295 450 294 298 1
295 294 450 639 1
607 21 569 22 1
607 569 21 459 1
598 14 36 15 1
504 587 627 103 1
504 627 587 491 1
212 627 587 103 1
212 587 627 491 1
476 594 191 498 1
476 191 594 166 1
164 191 594 498 1
164 594 191 166 1
574 322 227 473 1
574 227 322 337 1
564 541 593 451 1
564 593 541 426 1
591 74 559 460 1
591 559 74 73 1
558 276 360 288 1
558 360 276 526 1
596 529 591 425 1
596 591 529 457 1
557 146 578 119 1
557 578 146 470 1
455 510 515 600 1
455 515 510 610 1
621 247 250 494 1
621 250 247 249 1
552 611 410 483 1
410 611 552 505 1
599 313 613 488 1
599 613 313 398 1
627 14 598 461 1
627 598 14 36 1
607 173 56 43 1
607 56 173 560 1
547 607 648 23 1
547 648 607 569 1
228 648 607 23 1
228 607 648 569 1
586 242 554 468 1
586 554 242 321 1
382 554 242 468 1
382 242 554 321 1
584 606 514 429 1
514 606 584 467 1
574 210 35 10 1
574 35 210 500 1
643 351 388 477 1
643 388 351 406 1
627 203 491 502 1
627 491 203 133 1
121 491 203 502 1
121 203 491 133 1
637 215 88 529 1
637 88 215 68 1
554 321 320 246 1
554 320 321 586 1
363 649 274 269 1
363 274 649 478 1
3
    5.0000000000E+02
